2.3179629071051595,-6.500995646066945,10.461639860321261
5.403017378063195,-5.66697843745921,-0.3026869286024469
-1.0873852659154952,-4.171893946419733,8.279228651554204
-6.650743061152431,1.941059287844741,8.668990651101657
-6.713019279713352,5.167624078722802,-6.620266024396981
4.411890899867046,-3.9448874051414466,-4.460884095402098
5.0419543101224935,-4.3081685258671145,-2.253797654046564
6.806635685823537,-5.552112861425081,-0.2609901933005322
8.3389394569611,-8.389663829529033,-0.08333521327704768
6.818449001824814,-4.588536788524636,-1.5132378262389337
-4.454964684216483,3.8896043317059408,8.081521279001562
7.922279245717856,-5.81059384028613,-1.4559970913007318
5.830340247859061,-8.348819251501759,9.026455708651577
-8.523955994585624,6.226952882808894,-8.274545167800536
-6.05412998149589,4.782873921306016,7.194370390027648
4.09562795867971,-6.249289517781109,0.9739630635011676
-5.524334498556898,3.7849965945107704,8.600087123278811
3.6931749359675625,-6.791610857022573,9.300327359272147
-2.934174596931416,-3.499434279011934,8.255719709398903
-5.758123293811654,4.036216889822591,6.967951226234157
7.779145587646019,-4.14651601564052,-0.8236946126943707
6.363376125265736,-6.756888541102704,10.775961522407073
6.4122139339216595,-5.646113762506637,-2.151354207642744
5.474064217756406,-2.5033602453315127,-6.013312828597827
-5.847593138611266,2.719891262567792,7.434941242907194
-1.977954589249622,-5.319777041260667,9.140968381042658
-9.150655196275038,6.060659378643701,-6.421489904130305
2.977219271591846,-5.2663054774479345,9.862922959731156
5.577705634689325,-6.591334507958946,1.6118066707084662
4.681580033683764,-6.263150671253712,9.108464312165
-6.368772003767006,5.406639188377096,9.611613279663342
3.9121252775584416,-7.761236821649062,11.862444988877217
-6.889689488236102,5.407613715214674,-6.173773810941411
-2.819502646342033,-4.686199559168567,8.505028560291457
4.585986453147932,-6.266050603552868,11.815809271711014
4.108778804072861,-4.736711081800286,-5.7427774531340505
3.727134466415041,-6.38617021327123,10.326636469886164
5.351711417591524,-6.678661186144529,7.94989235302683
-0.02407550733534336,-3.0335931450212223,8.52779517773116
-5.996932031414266,3.983568566194667,7.113744417944916
-6.993366672997353,5.727691841457356,-6.187532100386141
8.818075226610967,-5.7232989890763895,-1.6654768292933293
-6.864041755036356,4.763510195051109,9.779151026223724
-5.082352940466256,7.361302165984144,7.696294026672227
7.634002434187227,-3.3093496557728392,0.03219020001262207
-5.459719970850752,3.0858960035791325,9.865400201216257
3.5156696139399988,-6.998192523865568,10.692925512271865
3.3697371926527593,-5.47762040103388,8.993609011850882
2.8622756003647325,-6.147826778098565,8.9643344294943
5.369336140048178,-3.8895962012978345,-4.8146192141822
-3.278458882489792,-5.2889001052581746,-8.680657771829045
-7.486527502612194,5.1156435380386975,-6.818421354654781
5.776870776526345,-4.103963806694331,-5.356547351719373
-2.7665997160845976,-3.299993246566702,-7.045607287291801
-3.7413883944080584,-3.236367806136877,9.313866583925833
-3.6295619420681593,-3.7062507360532013,7.798662043741675
-3.916530390434519,-5.365362237113945,-8.572259572015486
-2.9487009909571973,-1.1299448769666056,8.138300863787503
-11.050963098560834,4.028700495059091,-6.062270727495966
7.410678241041287,-5.043768108086055,0.38084708339311124
2.417766677031002,-5.921955142296585,9.294438258118419
-2.0378115973430497,-3.0923203462067423,8.106469037102165
5.657698995605283,-5.522579017332734,-4.766629193075238
-2.3144858443947554,-2.5758646209751177,9.255950811558158
4.84160580590297,-5.396458948770558,-1.1387632051967813
8.067459356353927,-5.944231142573766,0.05094947142591122
-3.1357921510959015,-5.6036735766052495,-9.13801383555792
-1.4971742839094833,-4.1302632454731,9.189925266646867
-7.489045691867048,5.3585205888184175,-6.493241899356624
-5.013025076014002,4.618150311050776,10.051690579612702
-2.7239859555680725,-4.130245204995851,7.980359310945749
4.440970524716066,-6.141826292560678,9.440679629828729
-7.521068873455999,4.578611254127588,-4.661774548535522
-2.5570211592066596,-4.431783767960605,-8.08565877573856
-2.4095351022888423,-4.7435166618319515,-7.814694257347815
-7.869501170243259,4.052920746185392,6.797107496364679
-7.72216755809494,3.3437255230563507,-6.855886297651655
-4.534673196499806,4.8483958465941575,6.915452565583155
2.763869903610874,-7.591024838843181,9.655623454633576
-3.7774065490300104,-6.079853552644644,-7.79076123999748
3.293901438983338,-6.814505706216469,10.62576307479805
6.991428870654408,-3.676890349741413,-6.669147621461373
3.236453338484588,-5.298056360307107,10.383308972876675
3.2988259222281346,-5.981140740158479,10.0686372991851
7.440870751503027,-5.793751123822365,-0.04737011421648052
-1.591694492638985,-5.260940508169327,9.287554990137036
-4.927712985893091,4.11653556363067,7.838379493705596
-0.9055730236891234,-4.313894910808704,8.78799509481071
4.760872181947104,-6.130424905664089,12.120530142950214
2.9443722204782765,-5.64100470398338,9.051927452847458
7.4054781055626515,-7.480701610780045,0.9025693937888646
3.482821060217584,-6.901999130541133,9.73096670030824
-7.03346847524601,4.8439146263219355,-7.385926660343218
-1.87062954869913,-6.559856138178825,-9.08506959636199
-8.569585419342289,3.63221470873453,-8.159245365701636
6.233163459866458,-7.279495874865368,-1.5815760582089968
-7.997128665583387,5.63868949440043,-6.498943772130344
-2.3295210101530905,-5.728479212681392,-7.5297098099140385
2.8637922254398007,-7.175773068190519,9.705422436338276
7.22549147250515,-7.0351971200204595,-1.2653965958150155
-10.187961281157051,8.105333397787483,-4.957293230248557
-3.4975316017172404,-5.092074975623024,-8.21158122814708
4.7167707476611715,-7.629751066882504,-0.6411494110853104
3.147494212265678,-3.435906815154936,-3.5644845836648766
3.9265606559815414,-3.433831749825867,-5.810519682112592
-7.174500223648327,5.08639668578902,8.7679547043721
-0.0401853790839255,-3.5336920293976326,9.57464575707932
4.5370759078704666,-6.13753268263777,8.454828478198484
-3.474186390198427,-5.384388180245338,-7.559320193385989
2.506924867972492,-5.891513544327475,10.307407739145834
3.0387504402103263,-7.44966488153425,12.427120987369642
-6.088053313966723,4.993017736750087,-6.6504258628128605
5.935676485192001,-6.141513861420983,-2.253745722033372
2.999061014239617,-5.974825922968915,9.877542280158782
-1.2313469830329098,-3.5240047772276286,9.554722001967257
-5.848174437528428,4.503457337331894,8.111353610224702
-2.1291119946119657,-3.723899254068088,10.461533953490298
3.4374135751763184,-3.6558105116219233,-4.826713610730891
-5.210240003793666,3.949680013487226,9.705369989682932
-4.50015203969661,4.019283925913644,7.088936647394001
-7.509185081053019,6.915843405385415,-8.451806218549242
-1.7287689392004368,-3.316207827058604,10.479000569216753
-4.308245019089519,4.3370236817695655,6.798332391433668
-4.719876274812369,4.053078941577371,8.226846852728508
-5.312779359329048,3.045212475432856,7.45509477939947
3.6364067147171166,-7.990714844704108,9.858583496261344
7.395089676459596,-4.890181675785504,0.3229480869618141
-10.288635806655515,5.936003688720109,-6.985609246126056
-0.41151785441783484,-4.183542688933236,8.830319989651931
-4.739948556347638,-5.617916267279831,-9.057696484337898
-7.186832502235376,4.129041946236708,10.422999954094665
5.375675310543747,-7.11488149906773,9.693360199184541
-6.716720177140092,5.281593026777563,-6.57271470889559
7.903184606030717,-5.358829632846723,-0.106922133768868
-8.119121836458222,5.3363804945587505,-7.253036937596441
-2.912736435363059,-6.094814203889075,-7.752700241767919
4.06102043208954,-5.772143425063151,9.49206554148751
-2.1607286426531664,-4.7100031380927305,9.803469293417146
-1.8548424052859709,-3.9510996222499717,9.127088993461085
-7.3101256234557965,4.561051549926463,-5.307623946313843
3.643062265020071,-4.056141166948278,-5.232228417759381
-1.2653322415719717,-1.8008424412486292,9.244698802523484
-4.463770045196842,4.202739029799594,8.450671607667674
3.8752004435318357,-4.237356057932827,-4.6931493843903285
3.5720662378529298,-3.4849703823526728,-5.954760440311861
-7.4003903919915865,6.3947310096625465,-6.788289706588755
3.4464125355412683,-6.0426583606349835,9.484235960997983
-4.300313705113582,-4.104036553825689,-7.625791314189515
-5.247289659393922,5.377069966428797,7.930687150643216
4.687758878169041,-4.180276430462578,-6.769937480677212
6.939624855073758,-5.1598309165326866,0.48104238245183506
7.18188840826887,-7.692107898630533,0.11562350270331478
-0.2431477285744177,-4.149451166521106,7.575091052404471
-8.630318777373299,3.954911111998176,-6.376707248412086
3.3609213972029224,-6.7911950598082065,10.04149216385975
-1.8283135568078528,-3.9658990479606855,8.383301373522595
7.859617062066893,-5.986216760110309,-0.26897349102383017
-2.699866864283885,-5.067921789122099,-7.7274397884800585
-3.271631559844785,-4.874686659474783,8.106227612497547
-6.639547616602932,4.6426093347674176,9.032826759174425
-2.8963365088416038,-4.787963737525605,-6.018680105314955
-7.226021411001524,6.047360161359309,-5.663606324939889
-8.706316417734287,5.223808302505737,-6.923319691433319
-6.6518213839006455,4.629374536435494,-6.891604370426387
-8.81399087496809,5.876163740350937,-7.482977355653726
2.757096586769521,-4.00109433821791,-5.4743491841735485
3.2934909052372645,-3.4706462051831686,-6.041187206868363
-4.767563120406839,6.424061728596824,7.249865976431101
-6.308053256530611,5.13650398129079,6.9953262048904055
0.6141404415244538,-4.736822323188423,7.61172674119531
-5.8705793102922605,3.9341971136403013,8.669265764331255
-8.484177091963879,5.110511357766333,-6.848007188994305
-2.157763068017947,-3.4988094944298425,9.092512089272365
4.231284946455666,-5.301425132143383,9.818493552360014
-7.8046641925428,5.377352869468232,-6.9123230753544345
4.373326231051305,-7.468703407825854,7.601719834437775
4.578828013594679,-3.0676955718596015,-2.883162883335135
3.622968038638189,-7.195556751192051,8.598317813682867
-3.2791240153504915,4.1520001416095464,8.346089822469176
5.727134563244096,-4.184312540446081,0.3370409538033944
-4.947384448760767,3.5252848918948234,10.13293950023351
-4.98334691037897,3.569280511119232,7.837082771917246
-8.781051397839414,6.237821632215607,-5.5019081142600825
-4.023130807050454,5.61543110076911,8.987168284384104
4.969597590001451,-3.999885220884254,-4.952279950863222
-1.5208839949996809,-6.3790189853820785,-6.168856794654721
-5.676254883003485,5.709542899279885,7.249773380580196
4.890342911466798,-4.875943626561925,0.08103941200556652
5.709888321846111,-4.8594300914532615,-6.126920604871146
7.012349283701861,-5.696708368175193,-0.6596375483275876
-6.8707835049526444,5.28838412588119,7.914146988953794
5.337181417592738,-3.7302228555345174,0.7010404124998515
4.668002201392531,-3.4999839935483865,-4.632446327854031
-5.214629098313415,5.547968550398147,7.9013675049088565
6.382243712694387,-4.636111596528414,-0.2079729846778356
-4.722921031049618,-4.863972982039388,-7.94928013556376
4.300927072522154,-4.539416000107803,-4.413255346681673
3.6215952112109275,-6.096370614681846,-6.0926191020983715
6.014897073676895,-5.84507811177582,-3.7086919036694703
4.071954265896711,-5.029996117786172,-6.254412499071741
-4.971253145923917,4.01061733366589,8.113992859654669
-3.6184085491445295,-5.68232035563189,-9.027958941312537
4.555237318076184,-2.3398489618668736,-6.736775653176513
2.731595722683754,-8.288374026724844,8.3788721914311
6.9432308268787075,-7.467386163502436,0.4530899346356547
7.225719590715281,-5.675653242791528,-0.7058254691489656
-9.106515444906893,5.552520964367908,-7.0726954102092865
-6.078200445210629,4.0079548569558385,7.009398358241581
4.15971473805342,-5.276148469808064,-5.524755471970995
-4.607801488110358,-4.4911823066263405,-6.385636909590664
-4.171852083708565,-5.138024758847586,-9.040985200638795
-5.661598987488947,-2.9720585632118666,-8.96487794906013
5.576545388448188,-3.4383445861609827,0.660460276959443
-2.117551701159722,-2.104255375558653,9.54551501582444
-8.742897235901461,4.795860592073046,-7.256736511561977
-2.8350908382488056,-4.743779672680997,-6.982735246478599
7.491664826586701,-6.516916689393528,0.48957730694574453
3.836418728803007,-6.252876755884024,10.014674364961403
-7.3462826807205985,3.9683923726430006,-7.991661561491696
-7.847045776442139,5.53872701943948,-6.163481427124424
5.170308545007455,-3.9851001494418603,-3.0932416439358126
-6.096997610256268,5.046692895834357,9.451198561945272
-2.3094245944355087,-4.0715477302181915,9.795812754948207
-0.19693115347581314,-3.338506175311029,9.563633005270605
-8.418794515320949,7.745198287261362,-6.864805442845452
3.1723910377888282,-6.950212915466022,12.207210868935244
-8.410884556608558,5.503184393197787,-8.353991304578447
-7.259570949082566,3.0665918264200385,-7.46814825493568
-2.943195875786147,-4.272828513454581,-7.4065183475077605
3.698313360308952,-5.347104309020391,-5.280309830965627
-7.292692890218632,4.294437015723212,8.471129798611516
2.5325097005960284,-7.069472484845149,9.62850702740026
5.348646524789248,-4.080212229508736,-5.54639441026836
-9.405414376306219,5.880883589286009,-6.980025749591698
-3.761887070948652,-3.9099290592501124,-7.143542324034586
-1.7728283582217474,-3.2912235718078136,8.752449575820528
4.986779815419991,-6.911235858217584,10.381507350917769
7.460214935570379,-5.0550768015218495,-0.2832484740878019
4.064094029042924,-7.468301447142633,9.912807886440898
1.8472989321344881,-3.834232809121668,-3.5506815141613
-9.956583736289328,3.3600974768844893,-5.453165056651882
-3.909792738455268,-4.598571378064257,-7.760213922532937
-1.9709807514221538,-5.35017667877457,8.592803795522329
-9.021571468048105,4.411353728083334,-6.5867566895931455
4.347261538432879,-4.631353729886757,-4.8054584680762495
-1.4995554370465642,-3.236997546676422,-6.948063668557615
-2.2533841054088537,-5.37980397706981,-8.876337056517682
-4.6526716661187555,-6.056880602342964,-8.994065309262723
-4.608027517960716,3.9854732935404473,6.814893683756527
-2.823383471132255,-3.1261882299811585,9.350704852203165
7.291199204501177,-4.8624711252145465,0.04705947825147849
-4.02757323875653,-4.762689249189422,-5.6347472110809225
3.371172791757407,-6.736720690513172,9.253656943080289
-5.632592451830231,4.330379284293487,8.664872640452508
-6.661523850424837,6.795624313302197,-7.2766785402343155
5.088712882992414,-4.592094333964778,-5.395302534605436
-8.845368500385852,4.100452864676392,-6.686314481602116
-4.648924735823185,-7.157057161359179,-8.665404434282957
7.933291316594028,-7.524225145515726,-0.5270213835429155
-3.514283324620444,4.238293291578968,8.865481293260672
-7.623695611639467,4.989479712839337,-6.610845639503568
9.179521783398204,-6.717459346384389,-1.2543226125391234
-1.943524738610615,-4.973891458590019,8.210998169345999
8.517721764220024,-4.3343297439133295,1.2641943642194364
3.2910066293709987,-7.5534287080672975,10.893633005464713
-6.72671137031605,6.5348976821332645,7.827119244626999
-1.848420936306187,-3.10965888478528,8.980349084688978
-8.498733480908356,5.822569680911045,-7.844566222849781
5.29192914917756,-3.4289271872596983,-4.912330343826412
-3.586439090117492,-4.426535205488358,-6.823943646026536
-4.338785936216847,-3.4633071892672915,-6.9084408756189175
-7.590494930583184,4.649606360761195,-7.965444870170896
-2.624206613009509,-3.375621249968066,11.964859777023753
3.938762807724369,-5.603504245657262,-5.9338504459629045
3.7956756043427258,-7.264953968086329,10.719077882575412
5.847059779559568,-5.810450310411978,0.040747696951403234
3.67627702487427,-6.28468694533087,9.984224254391371
6.092462862408829,-5.736590110806747,0.4000661750607053
6.003183048351879,-7.037399797241249,-0.5024210578460616
7.025015103964665,-4.243083446123119,0.5349754977614964
3.838756794864754,-4.043137641288867,-4.480019064732409
7.155430932801928,-4.733923920429513,-0.22434619748204837
-9.729525101420347,6.956364935321824,-7.207397035872628
2.725335803790151,-4.244745405396545,-5.809352848645099
-2.966865306086654,-5.45154486392375,-8.669648805185625
-1.2144550935418237,-4.773261714973312,8.37316433744412
-2.287058982195778,-2.4523910253388754,12.174367045954117
5.2734346872813225,-4.449137094096687,-1.0333680244500185
-2.4745144855126453,-3.2168049260596394,9.818964853280429
-1.527947722815783,-2.940272108548125,8.758257367487802
4.737980257073017,-6.342039099632919,9.198605382923768
-1.9701132146778426,-3.235067164525981,8.042049236278563
4.788337223542746,-5.998605153817219,0.16540577241815535
-1.2027846856840148,-2.7624675774370457,9.321367731203347
-4.963524670084773,-5.325884830263826,-7.464585503205499
-2.933313131696221,-5.858361511819956,-6.995103455159609
1.7701678164507086,-7.608247477267578,9.983544843268199
3.9377490865315794,-7.360947762649237,9.066484698378918
-6.815965460267312,6.037497384431988,-6.580021278228219
8.042034243805826,-5.870139340876349,-0.9913702142842025
3.1887268139388385,-7.888834352001103,10.849627191123528
3.4822880270184506,-6.218944879521249,8.22157000163298
-2.774479618652621,-3.3600199635074626,-9.45140571155126
4.699110299147869,-8.193050423289845,9.405370959267975
-3.309374396741556,-4.674716481738462,-8.658564736331003
-8.991444215675473,5.929495311737621,-6.1324510804003785
-2.2670577310235305,-4.162305574993832,9.490860654097625
-5.108564876184754,-3.2462573759965467,-7.055640890052307
-5.685194530025749,2.310594981232612,10.422777872953073
-4.86617595657167,5.90120785802273,8.799155507179664
4.885204746157828,-6.542294897716041,11.5913577456818
-4.766210691805428,3.824254356903981,7.0677613790887595
5.598194700718158,-5.013234181321059,-1.815781490889027
-1.5428231680306994,-4.677774173034968,-8.498131063142795
-3.377871556981009,-5.304828992942862,-9.329887897878743
3.5416927868214456,-6.5391082571206205,10.26141122513713
4.197676836392438,-4.841013310613272,-5.982008452666237
-3.817218106903989,-5.799595390257911,-7.4288509864296595
-0.2958724663882186,-2.253454845078152,8.714175688631308
5.5656880022196,-6.739514110658879,-0.8380391277106429
4.675435998355065,-4.92291440080652,-1.91285660014537
5.006388461506121,-6.107247747817484,-1.2728517450237955
3.026428572660715,-5.812911037585304,8.876753274742248
-3.7823088777051206,-6.0028834224758585,-7.422214835576865
-5.780726243199374,3.8422069593266963,7.4950453401789385
5.4987036308895885,-4.541986133156333,-6.707456188841537
5.010701774289568,-4.460915828960584,-0.985206954629126
3.496688109270194,-6.597503917790346,9.771588549126339
-9.166571206900006,5.507528087470177,-6.813808190151989
-3.623193993336735,-5.566917658698888,-6.913835135807777
-9.545808209406868,5.288544305730327,-6.274013359541674
-6.106807773162793,3.6401030133774164,8.55336925990591
-3.957588582371087,-5.788583142877078,-8.812233562899666
-1.0036427680658586,-3.02502719938765,9.764768727181588
6.625310837784103,-5.459098795467855,-2.037579440160572
3.7816140849237128,-5.429070169943023,7.69704618061587
5.267877759843481,-5.355185023030727,-0.5877362132473269
4.817895410382576,-3.4445774267950022,-5.184556299212335
-0.49428519825328965,-5.005103585598183,9.736756542064537
-6.877770345459812,3.4129931640296287,9.183509208823454
-4.4400567439675935,2.7537659652943995,7.012719693219864
5.438945556625244,-3.5271557593472243,0.9480401690045213
-2.684327374020767,-4.192967272375518,-8.663324128783612
-6.174014273805925,4.740028313062977,8.407255795138555
-3.006226489132134,-3.6884943136225763,8.631461245462097
-4.798572361515935,3.5534701527418897,8.121527153519452
4.283477167573667,-6.0051911398374225,9.984499682046787
-6.855799768125649,5.716789023165453,7.785605296508618
-3.574658177822442,-3.3714547695142656,-7.073270908310827
-6.269178801428646,6.593940959285259,6.5718123327789
9.119095274923492,-5.176625167969453,-0.0668802010593853
-4.374402201396474,-5.383369150495568,-7.095326294815631
4.662952647979955,-7.227106243656271,10.875790945018355
-4.6947881947183205,3.5882655641991517,7.70820027790835
-0.23746817854562696,-3.403967688828708,7.282381496416688
-3.8771262109329974,-5.192670592401408,-8.56799487488177
-9.704770353090504,3.561502427213288,-7.3838609551306105
-6.72980032604087,6.508419337390061,8.035624897270848
3.2104638020260965,-8.158021584536648,8.621026583984385
-9.154012669135975,5.128149334715028,-8.618664286405398
-2.7303514986782362,-6.991622289585513,-7.054253209757902
-4.366828927530535,-5.6316026517659035,-6.717286793650081
5.043548798621205,-5.485442112066344,-5.210283632379119
7.23137351999315,-5.724555018791739,-0.8954300764298309
-2.5829544595153506,-4.028551141159973,-8.221686616514644
-8.116515633363907,9.532106635056996,-6.933166817157954
2.8849299385930873,-8.512724140042186,8.739536961736723
6.522312330761439,-4.519939058456276,-1.6073441733239533
4.195768312818235,-3.379547686466485,-4.386236381553069
-2.677608433405828,-4.438540802543269,-8.21450200643196
-5.593981681489537,3.3897056420876615,8.48966862528606
-4.746894144171851,4.219694853849846,8.781321840078045
-0.18891098283634555,-4.46443667890194,7.6428280326916
-5.342602917839738,3.270341467971628,6.682057142581461
-2.115614923577877,-4.004071317605481,8.878543126856908
4.599601872585865,-3.590972474256382,-6.365698720960038
-4.24657553925873,-3.2191171215734053,8.830831271178027
-2.7137490754006772,-4.0987275825905005,8.03479609507934
-7.241084060689381,5.082244458473427,-7.53477581321448
-4.730100486047692,3.9166573437370182,7.520573928700867
3.754706211437064,-6.399429624195705,10.104177807902666
-2.6196039992213547,-4.782483406630705,9.514832834428054
-1.6895805343409582,-4.416284646171631,-9.032738909656317
3.6989695983921327,-7.199248218449713,10.626372061390907
-8.82307430459541,4.05395144425794,-5.1271388855996465
3.4669157367285557,-7.2877215636946495,9.347840483262727
-7.3588146527676415,5.608818366430154,-7.035838242112277
-6.701997307284382,5.167532227225079,9.381124961152448
4.3454747568633,-5.250306501626981,10.008548791902987
-8.862970446379693,4.640711518674143,-6.645560167441881
4.2792370893727645,-2.129242031130194,-4.785890291909302
-4.230597039351832,-4.421098375218567,-7.846654984070331
6.293755142975821,-3.632548071382113,-4.291418596613205
4.992934612526765,-6.327140473076225,-5.448564982550561
8.28038217701897,-6.736839322509731,-0.29971141636438864
-1.8694106525304126,-3.5483335495328174,10.497234678691246
-1.6117435415405759,-3.27980157566982,8.456049590711732
-9.678791315852106,3.4816241032609394,-8.273170733550748
1.1165368556212645,-6.130973022872726,9.29827192677047
-8.15166484923605,4.666628148389892,-5.28481841768072
-1.3795680603932947,-3.3288168805874965,8.738734321368032
-3.7792604177335316,-6.080680289202782,-9.615348288682375
-3.253744682650708,-3.7166379329150976,-6.053604951247908
6.202494017748258,-4.268271958124166,-7.757988164376225
-6.55367632361819,2.6859726240511046,7.157912313209071
5.6215728289397155,-6.86808404214333,-1.562091333182626
-1.095783424853228,-4.767056791832768,7.927734561022027
-5.010533278484417,-5.953112928193731,-6.829136141242529
5.3404918612532875,-5.438779149744079,-5.208334115625673
5.653457120229614,-7.304363643195625,-0.46497881224128207
-6.5656109912753475,5.2425636005875065,5.254796891218459
3.5455803696573684,-5.197725866028859,-5.052624583120613
-3.4160529499851964,-6.122204005866248,-7.81103449345911
-6.867071320177489,6.826552402838527,-7.010814686994021
-7.735280141232584,7.262884465352656,-7.015372111381184
-9.062690184534043,7.702887651433067,-6.8666336590764345
-1.5377415180340654,-5.253098309040357,-8.692866757238372
-5.882433512608313,3.561322252793253,9.51731835877019
3.155157908920149,-6.779705872534139,9.581494872087037
8.49866958094804,-3.187234544262174,1.0048375266538256
-9.618127638857715,6.657812084143838,-7.340003634666984
-2.687409105081204,-5.867007772059155,7.970499783247063
-5.233188561152743,2.1787560824809553,8.346159035578763
3.4416284958101415,-4.322670927728094,-5.810574403429634
-10.826362072281015,3.6017268602577497,-9.298837939498004
4.5229472978699485,-4.974953760953978,-4.604396685725272
-1.206396291767919,-2.763404388062528,7.891253141277318
-1.3964177367318067,-4.061922074003351,-8.818618892636229
-2.3614093209975797,-6.335320771770107,-8.305323224245894
-2.538687133359776,-5.3564056296205305,-6.298931435912538
-7.922196508131573,5.608200682761075,7.27335957157068
-6.028852450693808,3.9664445907938166,9.474950140795686
2.359896600117266,-3.850230985967975,-5.9317957508712365
4.16267698088753,-6.186333475375233,-5.823266527883598
6.3161486630801615,-5.577122835026777,0.8353548915046889
-6.040059600411458,6.429487397973354,6.448563435418785
6.743937904967105,-4.686501863399486,-3.4930412163724913
3.572612459020583,-6.540292728167405,9.548128506922405
-2.1490525053445824,-5.107117467501469,-9.281258241527162
3.609596672385984,-5.09428459933099,-5.2105322238326375
4.3121023971691645,-3.6689800009579288,-3.7261264294250878
3.709482858115273,-6.7258796279272275,11.08820282678764
7.232210162857882,-5.218196230169358,-1.4022676562873548
6.314100206477455,-5.821572599734171,-0.535452248642947
4.307947694416123,-7.582889673235291,9.934861276945146
4.389931272840744,-3.061708127162233,-6.112789410391906
-2.0290620099515686,-6.505788141919001,9.079181354901493
-8.744551239467677,4.73955245900218,-5.54618695471093
5.509680019637939,-6.008304711691234,0.5716154473691633
4.876917523073516,-5.1529287751124215,-4.970728482579221
5.65458756459216,-5.445317917808888,-1.1672688821507675
-2.06804805289131,-5.406442133468103,-8.204169496227102
-6.743687711121444,5.243651954886217,-6.913696428370975
-2.5279377223110453,-4.570699750813155,-7.175315100819155
-2.861803345648281,-7.056558151582998,-7.471289714663846
4.162469359715322,-6.714988707194745,9.221368503303601
2.0740596197886205,-5.7424573550843965,10.776259370449935
-8.625251665168008,5.932380865533758,-6.9092192767586695
-7.619721791844432,4.792276007956191,-6.356514878990304
4.692731511447925,-2.290860115037936,-6.1687408801576975
6.074856698794003,-3.4798864220377634,-2.266544837963729
-5.494761583792919,3.3642088439952715,8.038317649866118
4.9048299752319275,-5.16735319489912,-5.1551272187586
2.8007896510079044,-6.080313331388446,7.939767742101882
-8.935054202077527,4.956582690794348,-8.254958350056524
-5.457360143082684,3.6358660913909495,7.594777354043057
-3.7911404358242007,-4.246641414437931,-8.972103390066062
-6.64819873164924,6.270658624426572,-6.407488040500561
-5.911039615729929,4.490487845640282,6.09210007874375
3.6039659516452374,-6.047134450566224,9.864777061434125
-7.142105256873187,6.209799967002568,-7.034276714030709
8.066126009403717,-5.193594022549734,-0.6640411025792832
-3.57790705274241,-2.8478345114187027,6.547297845043088
-4.411645978433342,-6.166474458637007,-8.995330312895028
5.789382933441446,-4.629930923364208,-5.386110236271272
-7.616164917851988,4.4935832118482635,8.301832750466362
-8.850490766271713,6.582409940461814,-5.840437478133585
4.2188791213803185,-4.681000389041857,-6.361413588812113
5.007107411594627,-4.1743962210336845,-6.201227934565359
-4.032319363244574,-5.333707382728698,-7.977335070947533
4.59305863740142,-5.03209229060587,1.200601333224088
-7.221786175339642,5.693672535640994,-5.222619414030443
-8.824370254241874,4.0370675750474705,-7.1845828255204705
6.987411480448668,-6.5173312506462056,-1.5022552682990278
-2.3491587135217173,-5.7745293998799205,-8.921524983870595
-3.224829505916766,-5.450738747076015,-8.639545813353699
-6.3202625174355616,4.510208188245713,9.229648050328496
-2.4873043273831152,-2.6691140324137272,9.16503861016985
8.760831106940163,-6.698819897128729,-1.0180762533253802
-2.7552300659319027,-2.1908977572681483,8.03728931429472
7.554850112721807,-6.684588986060881,-0.39409719854363506
5.893783187255947,-5.27056824805849,8.749802553582814
-2.309376626951582,-3.7905682153133413,10.714917196428571
-9.795911629528355,6.513233283437706,-6.603921281175469
4.564545113412452,-3.724273792299667,-7.145896717386818
3.5473656060031864,-6.0493285213807955,10.882963602239743
-3.0496084895476114,4.402119861215378,7.040625180936985
4.5083300078626305,-3.722995404236733,-4.116598369829659
-3.259886835090108,-5.240677561909077,-7.360598032073309
6.620945096685787,-2.831563806169519,-2.336685237804403
-1.5089069545328861,-5.222640657040793,10.421355968163635
8.51677435732413,-6.295929621831035,-2.497626880589838
4.6599548047282475,-7.154067452647671,9.167739116329217
-3.044259025382098,-4.430195953699404,-8.962184784050935
-7.355656923670762,3.8929094912707836,8.547224396668593
5.283004543878654,-4.413704202679604,-4.792111015497515
4.378146953568835,-4.388521680067163,-5.946219601703861
-6.077516446857151,4.144017003397595,8.824019229562712
-3.0808404343072358,-3.4176591718512856,8.501915789068914
-4.771411441702097,4.766382054286725,8.46243018804024
3.9391325622415967,-6.783069305690509,8.957807169345049
6.653633993264436,-5.987755045084294,0.18258059177003638
-4.998369979268459,-6.104025413212779,-6.139268289274777
-6.081595699929457,4.769304835869491,7.118232750512044
4.245215943689174,-4.534644385051041,-4.224163893956392
6.2737920230162185,-5.637492379539809,-0.09295777832710461
6.7042759949244735,-5.472294826329702,0.20521797364524308
-2.9391792607329306,-3.2954028159706,9.160335709234744
3.245822055237472,-8.025911156861792,9.895947344764664
-6.0019180417487235,-5.133265856650651,-9.351717022097276
-6.560631033926632,6.097268256155988,-6.770596124700277
-2.5803326769457935,-4.031301678831536,-6.364509026180215
-7.226415021574974,6.188449408959658,-10.239123308410704
-2.030434186529786,-2.867526241716578,9.596758086744732
-9.432539513126812,4.970406544887849,-6.0724482121452565
-7.722285451281147,4.79731551233513,-4.759279872835671
-2.8720981125384224,-4.176833379721095,-7.303055888342477
-3.1145958094866883,-4.40359481239769,-8.261333367005129
-7.453664294720635,3.3193538322572205,-5.402227626208384
-2.6008398703699354,-5.388098753322819,-9.744177099920439
-3.021441394487404,-1.782627654787832,9.06507272800429
-6.279468828647423,3.762242025733283,8.12947411647554
4.017521798932264,-3.279533718781843,-3.72096637814166
-2.0227780340871986,-5.12820266975825,-5.952792000334201
5.4235709236730525,-3.78137698284366,-4.1138886436117215
2.672738170557838,-6.575287843487304,9.89241097935209
6.290263732712063,-4.814416354038915,-0.04624374431696976
3.839449987871284,-4.2122336529175035,9.5821513835209
6.8213784322123,-7.536537428854224,-0.7131657779939256
-1.4432721133522446,-2.9521548852957555,8.921452648144287
-2.8726227880876145,-3.793450029310803,9.875109399165218
5.49029197184519,-4.480426763788613,-5.2737263565398065
-1.2279531220514133,-3.6526834715706675,8.040374142448545
3.9379220171245444,-6.203760121342478,8.899648245293003
-6.473745762625565,2.8601880279837752,7.956928157380146
-4.22981867765952,-4.185925284515837,-6.631590202204825
-6.4844715648094935,3.8683021849457577,7.473588669695438
-5.791532786935391,3.9483651118662757,8.453538420525096
-6.863505845653391,3.6193388912215503,-6.961404872400762
7.7793482867104,-6.434728438593641,-1.4985228472145729
-5.20038208241342,4.035856418495266,7.696423881814343
-5.159632195489816,5.799676409764429,6.385038054249724
-6.898894490038087,5.0393208863835985,7.966564848370853
-2.275366585304515,-2.86442527902422,9.10742689382848
6.387691486519941,-6.088414568386406,-0.9755129941594309
5.709585446476831,-4.549455107335649,-4.082980652863068
1.237923173128031,-7.435137094159177,7.939302913829414
-4.33678010737101,-5.991626111713195,-7.3180699262342035
5.723714983089875,-5.465032910152041,0.35158456592010057
-0.7883683326044314,-2.617405905311225,9.92383991396628
3.4998026174245727,-8.290556529109963,9.346738770892927
-0.3413891570707399,-4.336125172713535,8.309339255458731
-2.1187740382790525,-2.592692788743345,10.126160365417201
4.763764163032151,-3.917834562013089,-6.860798250553214
-6.434709496301873,3.085569367188629,8.742390080615788
-1.0550191138925316,-3.9744649077441654,10.096654414291606
-2.953999349518589,-4.876261237296826,8.401702123177815
6.2611532931475224,-4.0325847777062505,-5.073462874841663
4.488487583811125,-5.54256454374027,-4.466899300408202
2.462779605532126,-6.05309217615422,9.812728523914343
8.068442713083321,-6.38792990439833,1.0400759570110216
-8.671675342132557,5.8607371123911856,-7.998482640596723
2.9942611066885387,-1.8655967638899988,-4.036024428853832
-4.281559883803438,2.489315861591642,8.216050646205298
4.78658084365074,-2.7941054219527204,-4.3182226565215736
4.322324689015965,-7.697174152652613,8.403554890372448
-0.721875916794195,-2.3365197979311363,7.909071512462344
5.734842333542048,-5.696710568555617,-0.46946921370939276
6.07606880301258,-5.945259528730147,-0.7677516229251424
-7.586758632603768,5.071577221063207,-7.480890901744276
-1.2177497484829924,-3.2472232032635224,6.991633129286914
-8.456609319748843,5.209943132795274,-6.4856468815852315
5.467087824337283,-6.507007933020337,9.990839743546417
-6.621443542686018,4.418504662818082,7.356821855999877
2.6746685661342675,-3.8283107520383632,-5.138521809518212
5.169963713836017,-3.9069765770751608,-2.740473225587809
4.77005339412948,-6.396777565846451,11.6049994567836
5.55568173383649,-5.594603446906526,-6.555558393007017
5.302156392520507,-4.194139420574462,-5.597789366296385
4.860282211632248,-3.1913363092077156,-6.157461429177885
3.260284305085217,-3.7666544145811667,-5.265251636907927
-6.710283128598297,4.513032476493664,-5.717348463658708
-8.78267762324087,4.7732387214462655,-5.799843383315481
4.267336650422944,-4.566615698044542,-2.99000414678989
-7.498711441331757,5.968277902487725,-5.225918473657781
4.3226117544262115,-3.5324762837295856,-5.199178631520947
-4.622283415025164,-5.467931272937411,-9.58230794531759
-4.831883439644255,4.232154760272569,8.1510813951503
-3.9944893491975098,-3.3443289547755812,-8.430935113345708
-4.206881319234838,-5.080336139437929,8.321198007070034
-4.47537243303463,-5.804915996872781,-8.034929317843915
-3.3573054384659473,-5.836854188819233,-9.570720483267428
7.859823622760122,-6.222855427848738,-0.47954756745464355
-8.669192207227136,6.12337487608452,-7.124511660643074
-1.668362298171162,-2.4706947390217477,9.938933977476719
-6.295454131359256,3.081606862717731,7.950589427250436
6.140888923317512,-4.840420054792182,-2.0890090117239595
-1.4758008525232027,-4.1102669821724875,7.653088916733457
4.284090276802445,-4.699201943776315,-5.639264746933613
5.208800975313494,-2.6059910237686355,-4.6127950827876685
3.5410522664847885,-7.682653683202224,9.9775290156107
6.298306576985321,-2.841847169981098,-4.643300011531967
-1.1357398312337113,-3.9614964308396283,8.874284987567743
-8.385197369283034,6.557338772695098,-6.796174638948842
-8.539742684614662,5.348614877710464,-7.528340220882795
-4.964264155997333,4.7668375287661515,9.360389104701502
-3.1912152461401324,-4.037840594609239,-7.553946558809845
4.0459769825749605,-4.169689797093459,-4.103880355641944
5.515577842707757,-5.947370483604079,-0.5509125060094088
-0.6329996644841702,-2.33129863915107,8.513805115613884
-3.409372474313135,-5.8283214148463225,-8.343723822042014
6.603423301015481,-5.116558749910815,-1.8745651576483071
-8.239137541963052,5.12816899343429,-7.7910225908294475
-7.796824659144837,3.6747548020643865,-9.157597724728115
-9.264287338469472,5.981738440841934,-6.060449685712755
6.2494489843827505,-6.919816353945625,0.31346637062324256
-4.656586594275652,-6.041097432486504,-7.971046623152763
4.019454625052402,-3.2118096669804705,-5.228556648859233
3.3159370369291135,-6.269014549426654,10.011252695961664
-3.3048846158331537,-4.074129604290766,-7.48354682965357
-0.5574852591199753,-3.485507025506081,8.206529960351116
-7.371361235904747,4.082394256782383,9.83883376080195
-2.629933601138267,-5.934633038781511,-8.909256064868917
-8.510513235706402,4.728376482744317,-6.2710234044356294
-1.8030335166070377,-5.218816430197155,-8.785390700108877
-2.0087013277027492,-4.249596588386426,8.179034071565582
3.4327176761161446,-7.596880336505021,10.544907572342938
-3.050783502279274,-4.522688046738886,8.527731132918543
-4.562567197211916,5.850266025896921,5.789587079173374
-2.919137311986474,-6.46569134434193,-8.192623264371571
-2.6908565835049867,-2.297826529736012,10.113730095090983
3.968997964946072,-5.322302896878936,-4.2582162457986605
7.908627425915428,-5.696425844580112,0.2376010907635635
-6.73957063765378,2.7845042805080165,9.454994179494266
-1.6619184717465538,-2.7232120299742246,8.417208601994778
-4.975841438854326,4.024309137053936,8.260335533866524
-3.6570232162192635,-5.496680684597674,-7.457980977085003
-5.46615837420314,5.471000995089093,9.43888215815876
7.2513770171739615,-5.610886239272908,-1.358871866160119
-1.1298691942620644,-4.423575391024763,8.715062137706289
-2.3469105484417296,-5.782257369889306,-6.2463016332133225
-7.798893764870768,6.285103818356948,-6.925954230118599
-7.578410969019471,5.281780063069489,7.8036913571445465
-7.924380311739804,6.659048957698289,-6.464704370059511
4.1069444744086585,-8.554383256353756,7.716915947041742
-1.3374692753176514,-4.068064130666024,8.63647613368753
-5.418510758178712,5.507588217710381,7.90671940420547
-0.9775088969546623,-5.249091547133588,10.770433481339143
-6.656327959056111,4.204752386649116,-6.092559331025257
4.595301520952309,-2.980857985757888,-5.281876332422696
4.209304920016781,-6.9606008342507435,10.104070217210504
-5.183117923195606,2.4721541033700243,7.619983535626816
4.888310596976779,-5.132455886675244,-4.885181272315549
-1.0698149551662848,-5.6817367910969425,-8.648921005422334
-3.6635773163707888,3.5970297712429846,7.435647410696459
-1.8976757860699407,-2.887015786444194,7.03316812312917
-4.374762216121649,-4.808364461675004,-8.596949130676327
-3.742477369668726,-5.5962485898459695,-8.129837214330598
-1.3145554508300321,-4.108778252679375,9.14646134683895
-0.5255839025981912,-3.6012845002405474,7.433491741726485
-5.175652915884665,5.198387528377992,6.902730406326011
-5.901870557658333,4.3403398876910995,7.181716798130983
4.6403550466714485,-7.61593136746443,9.42788387103157
-1.558472765794231,-4.021394797583628,9.322276971153823
3.7753120015714954,-5.404492457314443,9.331529621691416
-7.598064131813947,4.174842643004937,-5.824827556536762
5.209310580606139,-3.474795324479717,-3.9891328655150646
6.7579865487105195,-7.699871440270251,9.114898387006821
-5.3782309695259345,4.053545325898109,9.944510797053955
-6.9930633498099235,4.84578823068798,-6.962751168157898
5.4961524520665535,-6.940224910609407,-1.4102936986125179
-3.328633765254853,3.84633110845663,8.376691733055686
-3.1720908647972275,-6.99409628160094,-8.440640291319884
-1.7341746947038053,-4.106051040203963,9.53975566946508
-4.631565132069781,4.407426508860889,8.609691076115302
-2.819020104015697,-3.4715367490712996,-8.72783101832689
-8.436920932969862,4.96626673813331,-7.161081111789519
-3.106979105418318,-5.173846734089663,-9.29016875630555
-0.42176272834677064,-3.416546220684819,8.347970975540933
-7.3955501123127885,6.606952437240702,-7.7766464611178465
-8.242701222498749,3.6215398770378098,6.634436270253207
5.600484250872738,-4.527433637342587,-5.986058417724711
-3.6061074096005585,-3.319929658277875,-7.736960982565671
-2.106991550556118,-4.9228385457543355,-7.847405842926147
-3.8524685101407092,-5.879570196270947,-8.317014673961062
-7.919094943682536,6.032891273370854,-7.505360206536862
-1.51308904552412,-4.129814524548649,9.344543094337187
-9.767079036620215,4.102973067509595,-6.356134737862387
3.100520259755151,-4.119362003122237,7.934383278135179
-1.654430416045749,-4.358161700194048,8.773981954418376
-4.220224645738844,4.678607254964869,7.574252878894853
-7.675104073054231,5.586395879851065,-4.299381109422415
-2.1334499239685716,-4.037572491464202,10.080689238455873
-6.911994011908157,4.4152390568402,-6.01425567117724
2.2756791461883203,-7.037224446443946,10.276176714707695
4.435833136961423,-3.9590821845173436,-5.11342732824193
5.477269186587444,-4.196598355371645,-6.065945714802057
6.058510477252069,-6.515602570989954,1.1286850147760836
3.378312386012966,-6.877912010988547,10.003962276492796
0.5381675453306207,-3.2416501757138345,8.427162586699959
-1.032927035961885,-2.008126416906194,8.512945765187256
4.182293200690091,-4.347606275073937,-4.436145888696837
-8.252865403171542,4.758195931149764,-8.09344888915006
-5.846059671267691,3.883002493777182,10.312462037790722
3.4857723991672698,-5.378045572722069,8.130814871433454
-3.9172463177906582,-3.8523352735954157,-8.159820700266183
7.027029899137736,-6.097484318283822,0.16490224079555516
-6.139130973233707,2.569922047192283,9.575828476485444
-5.947989087038648,4.349405292952101,7.717002136318986
-3.0144665977711638,-3.9708455873436015,7.959249300303671
6.713639286475495,-4.664743941176792,-0.8347962235824313
-3.6498304775719714,-4.8247756144432925,-5.134617032588887
-1.3305199816858557,-4.31176132207626,10.218763104761935
6.015648344039369,-5.478103640224135,-1.3959809417786824
3.832895640067207,-4.226545270164205,-6.416133150203793
3.068858223141837,-6.384035252685907,9.405915260497483
4.303965166762297,-9.41306701137195,10.170059937361701
1.8330945752195043,-7.914959194888052,9.371501752296746
6.177476496650236,-4.88986620392692,-1.5113799425365715
-0.9713534137543666,-3.663650447368955,8.644054388089295
0.9637102843072731,-6.940186851508882,10.259208911692488
-7.637905055295763,3.623444304975437,8.077011019755234
-4.1084036978970495,-6.968597580124653,-6.335240697831379
-4.486079801112809,-5.341904422566539,-7.102826578341041
4.155426259541458,-5.621686357198131,-4.698894144064265
5.969283737718079,-6.230598539119316,-0.26331228030606674
-7.578828904775596,3.3509061296457014,-7.250502477406769
5.566384301466504,-4.783347479018088,-5.118861853444382
-7.646830712973565,4.478308364896511,-7.459095554136162
-6.644023639483827,5.0246748319099845,8.226374973643573
-3.606321532183696,-2.5557128181447526,7.659354488293109
2.933165408496032,-6.124356623912705,12.225915599276444
-7.02234847446062,3.0859757192717097,9.008732432550232
-2.0491949422175035,-2.930299290690953,9.066172415830474
7.25113544960514,-4.706093646433423,-5.897319959653028
-3.8664862205819137,-4.283167206161316,-8.694794844978402
5.145276207064278,-7.125179746126745,9.256638785341705
-2.4040808853604956,-5.079094412797024,-8.062201210447661
-4.2180760811374824,2.74436970682782,8.827497655285423
-3.2625760866693643,-3.5765648564353834,9.503688501670773
-2.760663802191192,-4.523443574596096,-6.300718536661226
4.07148563848042,-6.203410723668633,9.100713083648417
4.114640485036627,-7.623345222858311,9.716220243833343
-10.015661273629656,7.320878244908537,-6.738633855631809
-0.19060858500099176,-4.634831910477612,6.590657470764187
-4.003054814130909,-5.3311729855690375,-6.946825537726519
-1.8327721161964228,-3.5388654441419534,8.882507685764274
-1.7768885918222084,-6.091035604418851,-9.770488405033438
5.460130362907261,-3.5000378804401726,-5.9937954397374185
7.27037378858806,-5.559876960612957,-0.32122306127082234
4.400044661581886,-4.372638968509097,-6.621628434872639
8.445182244001737,-6.254999682030554,-0.8361717762118679
-2.247987206022293,-2.8855946439225835,7.588232565623675
4.355112753830889,-4.136820109850677,-4.703989641039286
-7.45802040953823,5.080596268474712,7.5636714782752374
2.9532211383412355,-7.465330543930743,9.45044436240672
5.020567777436881,-6.41134463600074,0.09282515746309716
4.508852845759671,-7.159892466870961,10.831588431989722
2.5937445450811767,-7.373639255946216,10.12932188820875
4.29120478090126,-5.633579946186884,10.524967260376203
-3.5454275300190217,-5.238849002164958,-8.799418792591254
2.6358561631722908,-6.779685045920873,9.090338784268374
3.2083542615726564,-5.192078300988979,10.952535679130243
3.6433444937920982,-3.038387798087501,-5.894157305714717
8.51780481606765,-4.443894884667056,-0.5614928022998463
7.316833843851443,-6.284526849061821,-2.2885878814487697
-1.5271517701549322,-3.946603573942629,8.48209672687518
2.560963064010857,-7.573426148086014,12.13761510833165
-1.715179257205346,-2.234106113546839,8.511760436013349
5.908074884091537,-5.724930275416023,10.568273885052244
3.468491215213968,-3.708295035828245,-4.558444946991683
-4.301419885418788,-6.383620329642823,-7.350778050892348
-5.8677204989221785,-3.3669022215132776,-8.323375635330889
5.124481498259153,-4.034880159784795,-4.789537404550862
8.261061282066425,-4.607617651835039,-0.0938772366652878
-10.110406043347583,4.8519231738214295,-6.541691778620243
5.592476501542865,-4.743168288248356,-5.987790960680615
-3.712411537295181,2.623520256034054,8.66725685924426
3.9956421590353397,-8.042079006943599,9.360520938185708
-2.6889748836117375,-5.06180421883273,8.079727140907504
3.404477258623346,-4.444363268421094,-4.718280549379681
-7.341987527413447,7.020216444509835,-5.628377669944582
6.144152551933001,-5.801127119669997,-1.2853017132050772
-8.29788852651227,6.5641529208181195,-7.409228076427901
-4.193504725368669,-2.6817215823889176,-6.83996215492167
-4.972273582975903,5.527183055086631,8.176074698734359
5.78627350013099,-5.786888132739808,0.3202993541289083
-8.576920857491919,6.687401273122167,-7.412765148657876
-3.5382039350639216,-2.8242553422151033,8.43487555130443
7.243568478105129,-5.561661107184311,-0.09192335740648877
-4.539955744738856,-4.894306573542959,-7.385847890986893
5.384522557945564,-5.015028613766252,-0.1426628210776662
-7.112128992449651,4.431210452941639,-5.1217931208521055
5.663977186397815,-4.289378161604039,-6.629822178611441
-7.1877903793929825,4.901952124734072,-6.8653997798656015
5.407276765345285,-6.479377160415998,-1.1247720584241174
-7.53884578308959,4.299683448138069,-6.8446329429691
-4.962966826502201,-3.424520204061139,-8.679493257042235
6.6851269842020855,-4.974902191088937,-0.5130838833016598
4.0649460049894435,-6.803627141945462,8.841141620023043
-0.5009607262894731,-4.8764767542106835,9.968543299648818
5.24022328068917,-5.697749868437168,-0.12080783590785177
3.7625067539525494,-6.129514256222749,9.013355792982717
-5.593436118861295,5.281665500739475,9.63446759276916
-2.663006160288562,-7.996474007417106,-8.347088518812193
7.654330911546795,-3.603175218643598,-0.25484150034069153
-4.593240398862062,4.9700608142923,9.870438713281196
-4.482324577391292,4.397623319912986,8.65447161369569
5.344884845839989,-6.088591515049978,0.618710707697395
-4.400925649875726,4.506404506209966,9.275975901779058
-1.6470062357717585,-4.968784785167708,7.76863530112305
-9.092977572584395,4.508475734958237,-6.772954459206239
7.96578672008167,-6.310481028142097,-1.0756913742866496
6.156553815732306,-3.308436504757786,-4.157311051912871
-4.640911450266414,-3.955059054922284,-8.725883750454503
-3.8768408656546582,-5.8915715286891555,-8.943970904315952
-7.049438079850798,4.142644224987853,-7.438884578450765
2.626501870737777,-7.247538693438778,8.812461951665522
6.541296086885707,-4.03790944452727,-4.432298642518999
-2.9154507896023105,-5.978248447531044,-8.587213504352581
-6.503144386507664,-6.0859442806848145,-7.612685266074901
-2.2905420189086336,-3.9815195136550288,8.382805489919985
-4.093642663497221,2.993409434065367,6.222861332201362
-4.32064968589904,5.139281124146525,7.970339288396955
-7.246519280682813,7.138356770110562,-7.106147814007504
7.389934351673991,-5.064105361771462,0.08409540091182321
2.852021758649675,-3.5981271664090473,-5.496112731268854
4.723916283018322,-3.8424744084806064,-4.55820137300547
-4.844273539648017,3.2359634219909053,8.284658303308282
-2.197280180724605,-3.409439735583359,8.04752856485
6.389237317452157,-6.29016087957445,-0.14083357131864643
4.78234542990825,-5.311159931395716,-4.818123796953089
-8.7710819914769,5.158747832347897,-6.108122076793911
3.752493339720823,-6.970474788659657,8.708054364721397
6.6306465116596085,-6.287667320352888,2.046898348671867
3.7272558361276014,-6.728205972118094,9.444979246495857
2.7072409330336047,-6.965932599204897,11.02746106545268
4.789126851812704,-2.803415555950121,-6.241126858965824
5.149248145549655,-7.014590285699944,10.013918629138121
-5.392859484707954,4.597037697028101,8.408457869989267
-6.374487403791761,5.398342960069761,9.103403216169692
-3.5414551495985047,-3.8385104710465803,8.84316149108945
7.484821107995218,-6.171208702434847,-0.022851445002546655
4.897696873793155,-2.751841203806479,-4.77999514086703
-6.419744919652545,4.378907887444368,-5.847719854786871
-1.6084997644769758,-6.56208300508793,9.604839324287548
-8.312900693844059,6.806903784917986,-5.614196873853221
4.860571007913422,-4.405799204228701,-5.032843995690541
3.140777646987325,-4.171209758644047,-3.9848656863550067
-8.12959196238442,4.145426048891887,-6.985205963778023
-7.012587139039358,3.5007183167781433,-7.710955572640147
-4.387101470743436,-6.912288685683813,-7.600938785983212
-8.943829181486397,4.872339804170114,-7.616225930729967
4.361101031342155,-6.5030707273288595,9.701732868328309
-9.19890671358203,4.3619295671887155,-7.742568595437222
-6.261211351476625,5.473434022911096,7.290017114889567
-9.943073069089868,4.398273019354369,-6.257282429090648
-5.164322940337096,5.842662401875762,6.344339965756205
5.450144309545607,-3.296593263527301,-5.360951795803487
-3.1864978378867748,-5.274724681361657,-7.6595976226080085
1.6206718535217153,-6.432058984517869,9.541118688728414
4.69400495171013,-4.4834765166335115,-6.109129992250216
3.038409279865174,-5.5418571942070525,10.616926220366148
-7.184203435338507,4.703297747377742,5.889726595017592
-8.449094474145399,4.145500372312997,-6.21501581719972
-6.920450453250897,7.269061933139303,-7.573894702221537
7.059326693105574,-5.964615037678912,-0.5274354082633842
-0.2286483898149927,-3.2577852442267408,8.316427415968121
-2.5115763506948086,-3.8583022950132584,8.497698525999665
6.138140518471591,-4.1062342720226415,0.006990947980091589
-0.8507634908910341,-2.672342731370522,8.105327343629254
-4.020376911954125,-5.431695253358573,-8.111357460761162
-8.660411625975783,7.1678386453277625,-7.290141400394561
3.260280410486688,-5.6406608379099925,8.919655654329773
3.384662874458962,-5.4210652995827395,-6.678074967419806
-8.254950911435282,5.89417907527762,-5.840778555292201
5.506591527779179,-6.494452590413812,8.971417717400273
-5.195369823882293,4.540501840290823,7.849599070074625
5.235716189457479,-3.2065991204932365,-6.16487018307975
6.906078473452647,-5.325325663487833,-0.8696120143773067
7.906633633820303,-5.877548041208224,0.41814211048431404
0.9367346687181932,-6.762102504117182,10.484383839256566
4.566709987499178,-4.17948518569032,-5.152607869192977
-0.1545658753303869,-5.303645946634456,10.364369250782856
3.811971133594023,-5.750737551339372,0.32462004767863106
-7.649158528441936,3.7953417563894707,5.197021760492914
4.517979741197543,-5.814370353422877,8.830762558618561
-3.430790022172972,-5.347109997268,-7.84739441139876
-2.2918563449108738,-4.830186346250909,-8.3170562673049
4.622356740450584,-6.904887651455405,8.497948523281744
-9.228505363257359,3.7120638372150006,-6.429289630519319
0.5387482283718517,-4.814255159433492,8.288683461347684
-3.4139530413542727,-7.019334028295947,-8.201565434315404
4.659169953021527,-6.365845378009124,10.858238813579652
-5.6431440393332615,3.919997640928569,7.5305530872796815
1.5465620032936935,-5.202060768240054,9.70395973220632
-8.114148521102788,5.673178601417961,-4.811971251366496
5.33280257176376,-3.674300877293745,-7.16215228904937
3.4175646080945468,-7.992099602514731,9.948087450874958
5.906671760148893,-5.0454129878240455,-1.9724135023121843
-5.994359016236473,4.726625446023266,6.4229283352345234
3.484259882961104,-5.991294034553403,-5.521144917644728
6.391919997342823,-6.004800322838729,-2.706044639322284
4.62213180259687,-3.4018490732709967,-4.607295778548048
-3.6720430126165207,-5.119733998834224,-7.3151464083016515
3.5652073268526654,-3.8939892348101313,-6.8565335287477005
-8.016891252623113,5.052399039958035,-6.632452719059054
-3.7191931735304005,-4.256095832840874,-7.016208810916536
-5.341884241805219,5.722574612609741,7.1568904325465725
-6.299543210858521,3.720757986989259,5.755266887904804
3.031388403366269,-5.568960353433467,-4.402548269510436
-7.106698140837174,5.557674542263363,-6.65684131962527
-5.045586742387039,-4.024756934088077,-6.139864317487509
8.542328175628974,-6.256842808624336,-1.812128475907439
6.705356133365208,-5.7243312424232125,-0.4058557921743528
5.040221448128302,-3.327511303112643,-5.488758987200288
3.979894843119092,-7.038977091750359,7.120966632946763
1.8091846969448246,-6.246819333730021,9.599739735251761
6.802812748080442,-5.5922401772400265,0.8175304017593334
-1.4222608108704344,-3.7402406772382752,8.204560753000044
-2.423122533129791,-5.115174179976096,-7.957123710127334
4.778215591733428,-3.5946026783547422,-4.226950279566003
5.509883370187047,-2.5646927634727716,-5.3584699961370115
3.293118922342792,-2.987878823926925,-7.163856576387478
-1.3971511649160318,-4.877563971779334,7.758838066448988
-7.4879513531957205,3.4284139045815945,7.357745539012772
5.812238955856162,-2.3705781838331204,-6.290045721511222
7.3109573028893555,-4.438291696761495,-0.23648308836893317
-8.930617909221983,4.651728802540512,-6.617316437060846
3.4771811925859106,-5.089553315818378,-4.590722957918626
-8.994738471184375,5.503975251648099,-8.466608051551573
-9.368975023700337,5.875710004141094,-7.845884310228263
-2.9680392404478857,-3.9546041790250026,9.716025490743728
-9.442337339266542,5.284507877780482,-6.270806539934521
-4.572815631364987,-5.083826576660786,-7.953867294046986
-1.8810045222835512,-3.137401074042521,-7.948574388080313
-2.0902653796848965,-2.470008753141735,9.167003429719882
2.8505525782991326,-7.21897053047338,10.453578061281993
4.8812407599991126,-4.376497768803509,-6.482883030068775
-7.488984336836293,5.18452421811938,7.421811413587088
3.7456808926883975,-7.30825291564505,10.499885349437697
-6.2724508209105165,4.247288126039228,7.843914517326218
3.1874960037007147,-3.8191869641433094,-5.275465677815392
-7.42946656269144,4.990996710822745,-5.465776114425614
-1.6207138275916413,-2.0493222804703626,8.209549959168053
-1.1254767751907384,-3.5250082191345293,8.536751734006138
5.76470590642332,-3.104071033787232,-2.995635939645453
3.7433487071079816,-6.523817369645049,10.410285057582351
4.957888367118169,-4.870529844224809,9.528417845646814
7.213058287966992,-4.417502534761617,-0.5961329014331499
6.1034193031198845,-5.672849105628057,-4.3976330514126785
-0.6528943818628292,-3.7461931813396103,8.26190009804601
-1.1200168247304259,-3.060807676771385,10.646392039712241
7.1822591126433135,-6.172647707041794,-1.339729028704015
6.740636425261365,-6.279546685536796,-0.049041870516641994
6.431857318806601,-5.574995371860304,-2.1884636913583133
1.8874966906065143,-5.551723528352421,8.2089037322635
5.98605390253251,-6.888280322789489,1.016896344923878
3.918025483946016,-5.21410193100488,-4.417213830757834
5.087624750364549,-7.126353436414129,10.660509696615208
-7.098896252415606,5.081871376280353,-6.197942192776253
-1.8767569502231074,-4.60702671454794,10.415379552815992
-3.0656156121485916,-4.124174587934477,7.6739480037794365
5.158489838028487,-5.175743955212521,-4.260653767493613
-5.269060287303802,-5.663977935606798,-7.788468517336505
-3.3838494977361826,-5.0979881046100655,-9.224963821188352
-4.429509306024628,-3.246135926675649,-7.34594764906231
7.046757729951491,-5.674412288926632,-0.9569646359165576
6.438217273121587,-6.04255983811698,-0.517566134235553
-2.049217024685571,-4.378276508219155,8.70168853799353
-6.031836171490869,3.169907612631775,6.404697222850054
-8.889377603161316,4.865944657270287,-6.945796393595346
-8.278274581262446,4.454555137980785,-6.005233213299569
-1.8704075476362794,-4.777889737021352,-8.286227615617861
3.3465482729892706,-5.433948656790845,9.57808788614133
-2.27731623235151,-3.886659071601017,9.299269019309248
7.268391880973113,-4.1394872032548715,0.24952602065306517
4.390577896923403,-4.08948978174047,-5.765308562606001
-3.126383093772976,-5.10120857705266,-7.035854677118718
-5.294751916811053,3.00391356492118,6.4363298549065675
7.906580219701949,-6.032220685291697,-0.4172749793888835
-8.938356002285065,4.830799651081999,-5.803060064360789
-5.243987608094788,4.789490112642472,9.588411890189583
-6.123704957855238,4.60926760264312,7.867393672294708
7.189824657092804,-7.642823091317508,-1.501882616702454
7.0807120490982145,-6.716366974607169,-2.5817432756480194
3.111126658245648,-8.872712201251302,10.785364230647776
-2.6568498115619392,-5.504299972380937,-8.033591620245348
-2.730239743109211,-4.611018719411286,7.9691462715195405
-1.3420433815701085,-2.0441750625650026,6.600081812915052