-3.3094082962189066,-9.40348458026789,1.1046908082188098
11.329875540695697,0.316980494168589,6.785954522855562
2.8759360110681325,6.192770462894042,7.197672941467233
-0.7488088096480818,0.5217536565444633,-5.267916569945788
1.9915464761990531,-2.3527972605450045,-7.53645045554549
7.053992698907127,-2.531114271431354,-3.575249198022313
-5.594725496030982,-5.381016985088591,-0.4402596388269978
-8.364345813445764,2.9814922244117836,0.3748799777120211
4.6777564883801785,-7.290188027552362,-1.753426183604773
-4.751944388473428,-8.386428248416916,-1.0540632071481597
9.57345994230911,2.7635372998751713,9.787709658954066
8.050962873196712,-1.5784838555927636,-0.8737940648320282
6.288452135486906,-1.814027115579913,-3.2165626143327612
5.5227328149656065,7.194708786638032,7.818176517681511
-4.246917112701771,-7.842077090254436,2.0851608311341643
2.7681619108024536,8.600627417370294,6.185080947148025
0.48364744624151984,1.6624787248511774,-3.7744316645953466
4.291000795534944,7.534382234649844,4.680349324574731
-10.503553125382789,1.9525456855080785,1.6016468509721071
-4.477642763079685,-7.230492549021105,-0.6518058703302605
-0.22250281095005442,-2.281622474590484,-8.576351968467652
3.120179081935103,-0.4026167596558283,7.417192245344801
1.1087954043353794,-1.902842767684602,-8.22711380577831
-0.09894707860587226,1.6383927859378757,-5.312210267558543
-0.6943464022518321,4.43957004475995,-9.499251379332513
-0.7183576924688795,3.205594142398188,-8.795699473094896
9.481821313305389,0.8758667101482296,7.910776449286099
-5.294544515316718,-9.541598953224963,1.2361626723449768
4.628476876338768,7.692804195223939,4.578598122285476
-0.7627029536983363,-0.7994768460777515,-4.055106542959529
10.54103689346597,3.034664099858957,6.821233671567685
1.9305701857772666,-9.933047616174044,-4.808560831591833
8.066144972182572,-0.7601607783848294,-1.648058226112041
4.025917440106188,-9.131246227020373,-2.009017917588709
-1.281659810113379,4.720648109626774,-9.27094805788384
3.611622917958031,0.29136434251217935,6.5722898702459105
4.742924183983335,8.415264939037279,5.1931459471520895
-10.564834030559235,0.6049391377747642,2.3559198536202843
4.615190194671088,-6.891527177959805,-3.805679990499471
1.1699481789716022,0.7536263905041991,-4.07676299728199
-1.66941776780412,5.350675282902371,-7.489039918839338
4.906801367617961,7.282736006973036,5.382675073283809
2.8838689496289636,-0.5606087368419191,5.886926766402747
-4.702026202654845,-7.622404671015474,-0.4589916258369242
5.012235868438708,6.431491503595713,5.17445755085941
2.66683823114268,-0.881324266596082,-7.275745845552396
4.350274954683628,-8.092037750015292,-3.006148988208729
3.762598564428272,-0.2891758897974813,7.8643762824584
0.7471378536841908,-7.668667451243478,-2.412156656049279
-3.512595875097372,4.599412000597982,-8.161973215217973
2.1709058124543352,-4.03339876131036,-5.868005814972305
9.746359410062487,1.335554919729106,7.564722921980543
-9.758825390346638,1.8101876941296622,0.6682774169757182
-9.251230552871858,2.7550299398420033,1.4277316562217457
4.898941610218209,-9.48516901892103,-3.597703671957127
3.6731391240791957,8.499336766080374,5.304880083296819
7.22004993766515,-2.827918943176133,-2.804072754191852
9.45754561623241,1.1889817530119933,7.528214613673235
1.170364463066849,1.5113989791756262,-3.7951162047397595
-0.7624161406027241,4.497528051324835,-8.108467602463543
2.0629561009758235,-5.3928637467178095,-4.768788932061954
9.892967710009934,0.26962785525293087,6.690966290906205
0.8433174504618672,-1.4794802908876459,-7.708752141157863
7.6804201732857384,-2.944930809546516,-2.7265748774543015
-5.029825400498587,-8.817989576970097,1.234118751912816
2.9096568010842616,0.7897914270135635,-4.0581228072906175
-0.488775954695172,5.015636164481645,-9.112428851593494
4.495325075398227,-7.908463538630844,-3.4444925261179717
1.2143716165470004,-4.260172439425475,-6.483633787204221
3.6500982409633727,2.858177758318103,0.8764236552893802
0.3504725694139379,-5.910680635642054,-7.134086771726104
-0.8320611740904253,1.860083496930527,-3.4149076069961497
1.88496096490016,-7.665101652771444,-3.8346468504354423
0.9761121720943259,0.7621929482623806,-3.97723324092981
8.426930816744553,-2.06054483915605,-1.8147277615041215
0.973310388908894,1.4593863991801945,-4.321479000096659
-5.002809462785728,-6.464733909983558,-1.2658454084639994
-1.3643744178499895,-0.07243329342715743,-7.467047282664738
-5.723235463653598,-7.163390123343066,1.1347728128644357
-6.937456230461677,-5.938249331982354,0.4850942982109363
-5.817732114049744,-5.215385530831799,0.23417278656113927
-1.4186255069242535,5.066746998959173,-9.091535488569779
-5.1436423609209125,-8.46499506400025,-0.4442433525450221
1.3678233771779338,-0.2701228791464234,-3.942084038713143
-0.7397140132608124,-2.3322383573170082,-6.265039401018052
0.623889451663557,-0.9836664654893542,-8.494954378454409
-6.03357051518376,-6.273103105795052,0.4833998656942466
0.6385593396898886,-2.1029196991541994,-9.336391634497259
-5.852032575638863,-8.437913524945534,1.2514124398898554
-5.840456960054696,-5.590332367806182,-0.8581983017889896
-4.757500094794313,-7.200649579055913,1.358489563415385
5.872009910572821,-2.3939122107745407,-1.5241770781251325
-7.410979524663047,-5.180962466371692,1.073264366392833
0.4431677421007999,-0.7250225513397847,-7.836723846312544
-1.6362356779097897,7.124371889421509,-8.034001888220592
-4.89634578723637,-7.217674112058537,1.4090120112050109
2.2376056520726477,0.5181230086270235,4.538758898883051
-4.449454218626046,-6.415547245079234,-1.2330272101660245
-4.895635817403684,-5.477036715773854,-1.918668242988745
-5.323769403168002,-8.507765275253702,-0.3123923571011522
-0.4984890744797672,1.2017855174680157,-7.062486988624576
-9.538043216358263,1.3685752938879574,1.0111266835196657
-5.9950663245387545,-5.711566712106533,-0.8031031295807143
10.266336764669617,0.8701179068719056,8.378585482133014
-0.8904733365132003,4.516479414467397,-8.66097934912146
-5.983231501161956,-7.713777187030407,1.937632074635075
9.333611076307973,1.3145540314412754,6.821541489459767
-4.838466656898293,-9.78237016789026,-0.07427084311693671
4.19107755684534,0.5816432629964038,7.083040122949458
0.9920131586144522,0.03335053313461789,-3.7117060769158283
3.176260704733183,-7.999671361372901,-2.2256726831910436
-8.9860540692022,3.0854534862586065,2.2060024376623866
-0.7184472145260783,5.658544492684758,-8.320124978343273
1.2795171634717681,-1.6700647287708235,-7.456552725813493
1.948003732962855,-8.348606009360033,-1.4673494092793034
0.7443177586777021,1.6729287234128405,-5.207612687647937
3.0582113024913946,0.056303829518061066,6.675755740201091
3.9291449120899857,-8.26535539132796,-2.726813019731937
7.397423733503077,-2.9036645939203054,-0.6088358837844532
0.2109296561894268,-1.2257268104028463,-9.608136833171345
3.8586554081898266,0.36737875353923694,5.760324888706658
8.465103896838487,-1.0554228349815904,7.329942640815793
11.156033086059807,0.8943094791637151,8.440545698806826
-1.552169774231897,7.024913400686348,-7.207941303984572
4.130246735379257,-10.449070436096795,-3.986428999552446
-5.806815827370966,-6.939567251565449,-1.1122929355362448
4.128200535018278,2.602583774616434,4.831738718662737
4.566352816040585,3.7794729023897706,-1.1403018704863772
8.273075339626818,-3.388204257407911,-1.9547475230763582
-8.925208005571555,3.17181774695727,1.361961253906087
5.028757072368775,3.6018845982444847,0.8035838657180645
-5.487194767371007,-4.1428176709270765,0.17602232360994083
-6.659971697199827,-5.298619465342494,0.11998768947710414
4.526376640462544,9.277719523949482,5.9690081679221185
-7.128812031512332,1.581450208725012,1.5421525533093143
3.5987855910454956,-0.7841837866894283,8.052753317056666
3.458540337820496,-7.822452097697367,-3.2957501709272816
11.042031502194085,1.7246437312581917,7.968141592286269
7.043647590440645,-1.4522667426852316,-2.530729142460914
-5.485396872539275,-5.53810590227698,0.4915417386384193
-3.9116382466964033,-8.894398942030854,-0.31487831788705356
-7.896735346490037,4.16255370740237,1.7285721375296257
6.385129786164483,-4.549846755949498,-1.1998510593367966
8.92349777021451,1.2310413356831826,6.7276680309175765
3.06351156673968,7.707587858022401,5.709434662771981
0.46618254043785223,0.46618124014239853,-4.69506615010006
6.5496039423497345,4.107801593957008,0.44226127692201533
-0.02060821092246612,-1.6634304348489954,-6.174722386128635
-5.441784162509494,-8.76805502190931,0.31040677498762315
0.03587879248197301,6.175156506506847,-5.904591965143356
-7.863480677455353,-6.732636163625686,0.6999516063161026
4.973246316265409,4.806433168493533,1.3901843428991638
-6.105327918966209,-6.549207026304256,1.5000252224014567
7.553522264168416,-1.579999873747468,-2.0667550073306074
-4.661062674832716,-9.093274207737483,-0.06573995530810611
-6.131484420876925,-10.265813107038673,1.7798996988968325
1.5497486838265493,-1.8821874314218863,-3.8871511656017876
0.23384923737552799,-1.2635878055809817,-3.2559812015986265
4.573428718922883,-9.330035493717705,-3.9213405080518733
1.738984604013592,-0.6443818464654201,-3.8936897437862323
-8.575571182413594,0.6578500913832264,2.771196209486875
5.806391495581582,5.484560496526459,0.4823081896855018
-6.341078942022113,-7.319047399450523,-0.22871142834820668
2.5083085199259387,-5.252984146415907,-7.343022457742551
-6.305142076260292,-7.70510599761335,-0.7928991352391668
2.0984337831983018,5.6319271932659865,6.665783426566115
6.0111179743194505,-1.1787480158661336,-1.9071610528900815
0.6830216157192464,0.9302407007268721,-5.479946602429866
5.307956095823206,1.1515681131770559,6.951604142831769
-1.8703796042890857,4.398890388430982,-6.53848299839254
1.9486366910297728,-4.351055019177962,-3.7844464393451562
1.9338660534438958,-6.084785705493376,-5.703555273893889
7.537650716950845,-3.471294993535976,-0.8371532027620742
-6.631333989966235,-7.900700943221344,1.1479892971341088
9.581183537942993,1.4832318191383989,8.217544732712883
-4.811190201164545,-7.310105350791506,1.5300828442218226
0.5036982145157026,0.37004964536669954,-5.061012293366867
3.2904272804714045,-9.939166168933005,-3.4241866668490797
8.327846714959314,0.9873633783173685,8.307822728251816
-1.679584594426641,0.8869919746752565,-3.5635959023604684
-1.3161022702481215,5.2547175991765345,-10.121379071414415
-2.4390885269773244,4.141092547521614,-7.884709603315451
4.386014405123985,4.431045142297831,-1.4506134037210106
3.4231324047441865,7.592047884057679,5.923890546575601
0.7891807919922849,-1.1347221165658037,-7.115972029814355
4.89009046698163,3.2904265568478426,1.8497557416015353
7.333920128185384,-2.984829741630384,-1.5875996903221747
5.889418983686692,1.0605435110713957,5.738589454045883
3.627786750135049,7.666231347262911,5.995795581287046
-1.9998149833032222,0.16588009551431315,-5.23711264337237
-3.8780312054354056,-8.88724996304038,2.0252056326954193
6.498177606673869,-1.2962384446864152,0.23933562377534678
5.046148703130587,3.7707498177661303,0.0033792346266108275
-4.960529657634638,-7.940520220356938,1.399676744457833
5.634410792047549,4.232875218295561,-0.2425286049164982
2.878416308925684,7.268588635766528,5.799596968119189
-1.9631936418417752,-1.4190704354995463,-7.285204354572485
0.3932831769016355,-1.8381019261100262,-7.093515853791197
10.59988472264701,-0.6935935469562615,7.069118908900353
-0.22634548557064216,-6.4937556341395215,-6.318989052407632
6.286714128903407,-3.314192645897279,-1.5595923125228608
11.175976446739472,1.5078511834652435,7.3006284842093665
7.328874151411077,-4.731593607450028,-2.4590043849818795
-4.601604532868331,-5.438866074868682,0.17675710609209072
-2.7524072028903945,-8.581531155740427,-0.3999941418295082
-7.527006390310007,3.050533860137841,3.351899601248988
-7.621135994947419,1.4949394934278553,2.211097752993445
2.9768076444370273,6.483220682480331,5.833905820486944
2.6230481057398354,-1.0843712458762054,9.197818384296092
2.778036149776959,-4.731771389503796,-6.717854635486189
-5.5129320668078625,-6.766874355394922,0.8479029711066489
0.7737603441141165,-1.4066349974548622,-8.264433591529892
4.9898198039802,8.761548860910544,5.262320761912047
1.382053592042644,0.9443937295601073,-4.169764220401383
1.4474116801910304,-5.76594604442586,-6.316959241854767
-2.688654582882939,4.750511828590335,-7.457793816033301
-6.038719580845379,-9.395145350854232,-0.3043863422889552
-4.047431036404143,-4.358210475127103,0.8159870192806293
2.0152056010512034,1.549511103783102,8.61817954565036
-0.47953420332395247,-0.0880951537321657,-7.018321882296655
2.151229113330929,0.8612158017003805,-6.469731288836255
3.5061293078425972,2.229602528299767,-0.8551023046643864
-9.805827089707057,1.811997259747705,1.8174192986970916
10.86332359049773,1.5617374673806044,6.43426279372304
5.033741451878087,-8.185200687927729,-3.668287851080684
-7.6171231468546905,1.737905997357434,2.493476718728819
3.526843117105727,-8.296619936335862,-2.3298772312259164
-5.178373916283385,-7.599294662481408,-0.1614756301557153
-8.093399843935947,2.2873645580259234,1.6190024548597464
0.6495522164743676,0.7709249741551276,-8.353626193243882
4.578539343469433,7.503199184003785,6.515961731498953
-8.401521539891979,3.4523684982175853,2.1019670992513255
2.545175911253095,-0.010815909317956174,6.298165839211909
0.5229810916726094,-2.8236979268058837,-8.343009259945319
3.913559645430196,7.322982536864904,4.784233077579991
0.6892569916149188,-6.757725289274301,-4.448828425030069
0.613735126779953,-0.7034111870283191,-8.725804346579086
-0.0041172050979694785,1.5836929282377143,-3.484761873246406
-3.4773781077865342,-8.88480777946745,0.8608775144175089
5.1659995627904065,-2.09426193833789,-0.8687882507102638
9.033981398861783,0.2089175838386519,6.825246863407459
2.2099522630487005,-4.743281383034874,-5.447104385892946
1.1403271355535451,-3.780810483294069,-7.497096332916592
1.9485651638497687,0.6951792980501629,-3.323323937513436
0.6958693540531533,-4.06988709114764,-6.033231304485713
7.137726992774694,-2.8879787019325835,-2.7903243707671104
-5.838538421638697,-8.074938181079004,0.11879039516584283
2.6529018757505294,0.024708481503055768,5.705061541933494
4.531827264571362,7.435029665543826,6.214789027665858
3.355523512290877,-5.765970215878286,-5.80493924868931
1.612380961737244,-3.458114320301994,-6.930837079468862
1.1832676025802193,1.0709750178895692,-4.502522133150254
6.75642591536365,-1.5601658219893872,-2.9748903318431106
4.953047639754873,1.6149097909216894,6.339707926558982
3.0294320760213904,-0.2009542904742253,5.393500073953315
-4.310860078892421,-7.468403034224221,1.5100436985210928
8.832877262243748,0.7244448426701707,6.8382724341970365
0.5553396620421625,-3.989065801753887,-6.066547894830364
0.4987796557024514,0.4642186674886286,-4.133308142437051
3.9947780854343877,5.034997672293372,1.070346019038835
0.5896837872124914,0.40373253255036645,-3.5159343149913265
9.21397835071804,-1.284371109351793,8.169949598973348
3.240632374808498,0.27505506846353167,6.823071352807552
1.8432088753719407,-6.307159534128796,-6.067417041109938
-9.175856912744873,2.4538297530305595,3.141412421670017
-2.175430302421544,2.35418045151142,-8.878381086907744
10.96783100135779,2.034760449790255,7.27068024097748
3.658606104643024,4.385184306518031,0.9878534247185646
3.141354096041762,1.8753132423555756,6.9817892245450714
5.0087685425231,2.35311892182206,-0.357197167293968
5.904946626919918,3.5258499780062595,1.6335749759576017
1.5373428230232296,-3.2895706069804453,-4.599079856878483
-9.53125045303348,3.155680297946632,4.0689840384414335
-10.119809857448999,2.2689547082832364,2.7483556322280283
3.53506637333515,8.699641545705413,5.050015211234223
4.187495233717625,3.358735343656404,0.8497203966852401
0.8291803933669571,-3.6888244080932244,-8.38352125569051
0.3193800380587708,2.0507264021757052,-4.791675132738747
5.62228826681936,4.722210572352163,-0.0348375446887188
4.254345305312515,-9.461577166585041,-2.8001790239095694
0.44827860092751814,2.1659804118987442,-3.709344528604609
-0.8489234556367662,-5.909152412376641,-5.172369704026319
-4.8466145942404095,-8.396754582165691,0.9407993340440005
4.451844384326198,-8.156336845206138,-3.6452898868088703
0.5556287907904878,3.880390912317949,-8.210695029113626
-1.678889271971464,3.6534224672405085,-7.802299493693635
-5.298713350362264,-8.173236983778398,-1.838830070943895
0.10255443352742974,-3.965334302135171,-6.716998332467842
0.48707633400944084,-0.9827339984289334,-8.294258482081547
4.344973802279652,7.827383267552607,6.322521006484286
-1.0153370860181692,5.143985849900383,-9.529041269813858
-9.601850285064494,0.8381381777853438,3.7111563474758267
10.099352413186725,1.4930665804052081,7.159752271022738
2.231738398248679,0.60624191447426,-4.463795607350519
-2.091900190029156,5.041430115541145,-7.569936010715026
3.1818915515078117,0.23975434293125386,6.009336444511872
6.648858758724082,-3.201955305913636,-0.8627997196904269
1.6884240742522039,0.7587221602311248,-3.696743586830101
4.832931877766146,-8.97830599930132,-1.3922991764807853
3.4047444417992017,-9.301766178871427,-5.189318622147769
5.77216284668779,7.584613288556751,6.038688650764641
-7.044834569213918,-7.150899513634694,-0.31147432638379136
4.4189871960590725,6.7362953361804125,6.26394268633793
1.8527630160073678,-0.09081005943068299,7.713878941325303
-2.018694972394031,5.2936421438782375,-7.187892275084192
-8.655976873905091,1.0462321735893731,1.9771534250744276
-2.326837096524684,5.615439824112765,-6.21332195427715
-0.10076103770681549,-2.3916928830317374,-8.300877596495637
3.155646927259876,-7.761342477746308,-3.186529211434027
8.124364135211751,-1.437988675420937,-0.27385499685089476
1.1252643811694933,1.5133814468472826,-2.334991617044748
-1.711533645864769,4.071429271564171,-8.577489179120986
-9.137263676973589,3.0051969531737712,1.1342484859893576
2.333740857056951,8.35263858104375,6.320199078975929
4.427851848292903,2.8075711636096305,0.08450446873474349
3.384349701610589,-9.545547811634476,-2.5769478317084573
3.0802177283768017,-1.9646055685687291,6.425408231157868
3.6433210821210946,8.84738705247131,5.7174458523605445
9.79081708908451,0.21656640277840322,7.416379546235512
-11.150384769466916,1.0498887622660185,3.9750161289213
9.362673277712924,3.7091074617736988,7.902552419847274
9.76035070800288,0.8777822857195772,7.007511703182613
7.945149443552493,-2.18588020491888,0.1476709371234468
2.5605938445078906,-4.580431220966641,-6.143077668575302
3.4142084321383903,-9.13899033122163,-3.7755636411261446
3.7645564346459346,4.608979789886923,0.05362621259089473
-5.059120318903616,-7.340380165209765,-0.49807239742877907
1.288581972466996,-9.48440287842126,-2.302990518646701
-9.439321868143038,2.1080153286985377,3.8495242689097555
1.123749707736597,0.15638681595945847,-5.198953057775085
0.9045161765930936,-0.3923193659676909,-3.8906639666514167
5.557709812413973,3.0134326398377693,0.7650940540560839
-6.007447510521085,-7.798460023228472,-1.48562482574558
-1.6873047441689721,2.881502484937985,-9.047348217488626
-0.5693181530556582,-1.3093325868936365,-7.573200507364606
-1.6570588275947675,2.2994915203884494,-3.2651443186233715
-1.5940579950704006,3.815027987032792,-9.719717298714565
3.151049470558506,-8.922526183058165,-2.4244981146712172
-1.9991412324337887,5.140581010237808,-7.579009008461299
-5.931799628565615,-5.398578239153629,0.3337266409228519
-6.1017271255461685,-9.643460177755104,-0.47022927031743633
-5.23783232256936,-8.66906954148995,-1.4563113402851056
2.446383841945216,-3.9636905472936927,-5.264213795877376
-11.12163659317237,2.903196984642619,1.9931409284624417
-0.005870361856086914,-3.196708851475407,-6.6510509653123915
4.821980049099791,-8.052915558757588,-2.4380287540357166
8.395868072720825,-3.1810060841385908,-0.7845434624711186
-5.498684141288285,-4.986205755992244,-1.1137928466437037
-0.5437785570362278,-1.8398843274721741,-9.66850622360997
4.87150339534516,3.1673162897750924,0.7759117536379693
-1.0323475895990062,-2.9185555395709537,-6.924280066187634
4.4323076174346925,7.244629133299259,5.496637103197433
0.807255274552104,-5.256228080312749,-4.794095540007351
0.32880833180673047,-3.2110858593093967,-7.491279263153636
4.640930520279547,4.094766915098694,0.11406512683610393
4.598684137407164,5.908176683762736,1.5907741118417156
-4.924268259751142,-7.315678976749278,0.7437473999049098
-9.350126595091716,2.629486578194115,1.4338950552613414
-9.300425855952216,1.5653764562200219,2.773510607966808
-6.605217924746078,1.1866656611494069,2.888406010745096
5.643138307576455,-5.28886648025828,-1.5281794606686132
5.0656038717970855,5.192215813089148,0.20503755492963416
7.825478881796284,-1.6163664957820427,-1.991408856491915
1.105776792890001,0.04211745319239246,-7.623004416022798
1.4394633992891586,-3.711033297537866,-6.70676986509577
2.826184870774933,0.605006037448214,7.908937347373763
-6.364656463801818,-7.429833819671238,0.7302575293209639
1.9200641105435925,-4.0834077982558945,-5.571362641072927
1.5565550925236276,1.6361598582891865,-4.665764930274955
2.87337122742322,-10.596726057130184,-3.5080000778910523
3.9457352146022826,7.583778574783152,6.119674606360198
-2.4380840101294483,3.0839144301084778,-9.580903856803186
4.636757004299526,2.7110386431111717,0.87970681788807
1.4817940898276827,-0.6419666307113623,-8.803665068989744
5.020607505255089,0.9423248568613245,5.2328964259366355
-5.218779368039298,-7.692747853903024,0.9582777165672367
7.890220109024023,-2.1453691879922854,-0.28267265102680095
-9.434426708738528,2.1720377161659883,0.7722391207031849
-5.062281767102077,-6.354252544305358,1.3195550141550276
3.133551806909134,0.0147179881347963,5.616647963974124
-2.850526055193958,4.690853560983159,-8.569471510617179
6.0147035376536575,-3.936513118787436,-0.5996013569737562
-0.8571556871870516,0.8583470140964126,-3.849495780025531
0.07119071833168095,0.8563836731937503,-5.232975118744218
-0.35852600765726694,1.799480862712922,-8.016065862684677
10.390900162112882,1.178373006229939,5.190001282775738
-7.884985819834114,0.22044687955101105,2.9480569435091755
3.7172971288333434,0.6319931194257035,6.173396125779403
3.451823592580902,0.2534361989056877,5.386201938698445
2.5363362484938343,2.92373934527622,0.12064288656184363
-0.7843078324041687,-1.740788699204989,-5.611979086846136
4.425035197274527,3.4332237956761626,2.6673217756762697
1.9876641419049945,-6.84991688535302,-5.631918986031216
-3.2689911105156737,-7.0750157215206375,0.289050585726764
10.793678412177952,0.25388404504590556,6.935359789942683
4.690754052914067,0.7475222089321016,6.4323966781605435
-9.964383739645216,1.7251415628009494,0.34839641821833656
5.436494332619062,1.792063202551264,0.42933392876428955
5.052716810874138,-0.38834049076460075,6.368820951976053
0.6156778014995663,-2.0746301568596435,-7.72543850917407
10.9260074771194,0.27695868190031814,9.054204215751712
9.992844399126135,1.7524829651346794,5.7284089128047535
5.644015545580023,3.165329540227858,0.5198240130902263
-0.5934502635296585,-1.7549723355481055,-8.35140709487921
-1.7585302475905455,4.951596641763795,-8.30272274095052
2.3676511104505673,-8.574786026618556,-1.7602006086241582
0.5554936469743376,-6.0753938709020225,-6.367817569715956
-0.4414199996694276,-0.024469951175770666,-6.017640938785444
5.098892873970148,4.8125013958027845,0.15533310137711154
0.8226979626221567,-1.7745407521273513,-8.211745716205302
-0.9553825374069757,4.634202067145356,-7.558113310243186
-7.830079235536574,2.699636653197206,0.734056852448328
3.2308575947756677,-9.507899713880239,-3.4738097937579386
2.147125281610963,-5.960833006344293,-5.708251680372681
7.934066126949963,-4.611438452873236,0.6910793871400429
4.165513752385244,7.774658733678382,4.761016413820284
-9.502596673503403,2.305845147215767,4.519201029964071
-8.687306275920161,2.0797871701519965,3.564313559846079
-1.508974902837734,-0.7297440315367985,-4.343400517966683
2.755956565318139,-7.045328665257068,-6.245764870827774
3.8893235789190235,8.678422427103163,6.284372690043932
4.227916536062792,0.6143565867136751,6.995562657449628
4.672158338699136,3.363965669551744,1.1023362998180795
5.680226702350502,1.0482285356233778,5.367575245835262
-7.650463384718389,-9.871382609967498,-0.7802831592400157
-7.044303756051548,-7.336681084632457,0.10531147237907007
4.752288581969126,3.3099927694185958,-0.04419892822258997
10.523817658793561,-1.0575406184580212,8.046935258544977
-2.737540333152741,5.250733779200995,-7.263511561091988
2.5994113855007557,0.18179289730259088,6.805088303179755
4.201588765084587,7.328660452000989,5.8837209655849705
5.558497083543956,-2.4599449863638463,-0.5884822580612493
3.873414839525727,-8.171040355131032,-3.3816882602133687
2.9382288954783213,1.978768058199357,5.923629133565082
7.935397157909346,-2.632424633322392,-1.3271423546585506
-4.103206697352536,-8.107753684402613,-0.20770679077629006
-7.654344609929334,-0.12233403616057048,2.3168607581905944
6.110942197376432,-2.53274369500852,-1.8702602061187508
4.826535966854047,1.763075646181586,1.1056629237299411
6.327475970732231,-2.6024167985316566,-1.143995889278078
4.4634392168122785,6.6557446021530575,5.341364829486158
0.35782462174515217,-4.8473206453421565,-6.326180950025291
3.9344705580695436,-8.96281694174093,-4.332429274047756
0.8234536487466269,0.0465310829593627,-2.924348532262308
4.713916046153159,-7.500390720994147,-2.6939840468148173
2.7466019053928203,-0.06562465560299241,6.26460168700424
0.7813002883764196,-0.4924632991353044,-4.328484940752948
3.48363454974933,6.772856562555463,5.97981254610925
-1.5567794153937138,4.813959160554765,-7.980695334192982
3.520669715923181,-1.1180137463961914,6.090468731808925
0.7557024572682773,-0.2223602248334492,-5.173879264825055
4.066910627467181,-5.6470702190699615,-5.017574607955903
-2.826542133574315,4.311373584554795,-7.525670472653161
-4.012503224501849,-7.35821905009653,0.5723062047237724
7.38391187750095,-3.230691569705928,-1.8585636456558803
0.09716503731897586,-4.261698116905881,-5.1763236852896535
-0.31597282586157677,-1.58353766076711,-8.56929741425036
-0.19167540527303573,-0.23775480009650107,-3.6674080238161295
1.8069556508515998,0.27976353985169544,-3.699222135727119
3.775027223654843,2.106363463977061,7.732208453727455
-4.962985667545181,-8.360694030926402,-0.02440879939942786
2.0687820859484574,-4.773484175715757,-6.140037949953808
4.05558545420581,-9.351652360292972,-3.9042389988098796
1.4487637636512134,-4.841691190133831,-5.720619115885394
-7.351459034530962,-8.083830710829272,0.004082233884259323
-1.957703077132174,-1.9761945565773607,-6.244758893638646
-4.195614105908908,-8.629115287140479,-0.6437226560000129
0.993475132477683,-4.0796191646633115,-8.642926901540758
-0.15221271308641615,-0.9575014480011496,-7.118591892899156
5.409484522890933,6.092874285723701,-0.4460005315836697
4.097701042717349,1.4761068414263185,0.9792726928962214
0.12647722968412656,-4.78710843315901,-6.0339429667643
-0.23327961622408294,-1.4326269879850504,-8.044282639654556
2.743120384273861,-5.341140256103284,-5.455847756273914
-9.30076502934191,2.0492663405710734,2.1915460001809204
-8.67355159916196,3.8214616303244773,4.427154006546614
-8.386624184470156,2.5892877230952047,1.5621601215861305
4.7382311029083795,7.729739485229331,6.634738071595165
5.414043600308709,7.470540810028063,5.032355733214154
3.0913080095257808,6.162442670755599,4.912779283759783
6.578531168812772,-2.879602856459737,-2.20062502570718
-8.50837308794609,3.035597719030604,2.5257313809383186
0.44407756309914664,-0.7133628069889003,-6.284900261832348
4.318454129345492,2.325364180757286,0.3119866836420315
0.7673598160609957,-0.9648770154609536,-6.465858987502857
7.571901753235848,-3.340021900836147,-1.0770020027975584
6.793243892291327,-3.1959338343716364,-0.2610157685099661
2.4150164713121813,-4.51923349632397,-5.562829720929812
2.1908302352238542,0.06308562666137085,7.076176172110239
0.9843159961454179,-4.350047375182178,-5.689837327817512
1.9935034448380415,1.1678482396060197,-4.842513982499282
-7.005101945786493,3.217735222301458,2.6927749959841956
0.2859723093155655,-4.209844700420729,-5.972583939036089
4.181671211777427,6.48510442103632,6.5901623218368615
2.1565240943265764,0.5961958380572316,8.834318684630839
-4.462379232533118,-8.01414716710049,0.08537609127123502
0.5344934986727511,-1.7645165992830083,-6.530235724531484
2.3801326596092576,0.4329626976616715,6.305973282532232
5.255769888966239,-9.906850676768851,-3.4827103491777347
-4.670134192924467,-6.311071886239122,-0.4010610353134766
-4.546364466215987,-7.3233029990083205,-0.14979275914842471
4.625627900631825,3.6994572709470637,1.6227072213479632
8.377048143098419,-3.85444497543115,-1.4864074949018884
10.808275329061308,2.7532234264084323,8.709608961197445
-0.14373279433677633,-0.03473022927348823,-4.60478975036787
-0.2946388945314123,0.5988016981890234,-10.32661545055813
10.17256365994916,2.15465346455571,7.729876932222404
3.740386215824951,6.917093735611766,2.9252261923393745
8.840969552578285,1.8882759047143893,10.8421301879367
4.345056700470839,7.627949270880669,4.8507552867858905
-1.5375950377739602,-2.340852673665866,-5.498172126312993
4.192004696788696,3.3130728050024234,-1.2587204561166982
3.7995360173175166,7.342823013489828,3.339899629191931
4.848718220100767,0.4340461770542362,4.672969886721203
-9.556620548063385,2.1777504497213274,1.638329780948395
-0.9767157228240466,5.907221701936084,-8.060123165123626
9.247056907529611,1.1315282119965588,7.091838158514208
1.8440915217137874,-4.962764669395263,-7.556051439571424
-5.088039071720488,-6.772220210231958,-2.1162813644308685
2.952780627752292,-0.36342347786681073,4.758515562358494
0.41779714033714976,1.1704823199386638,-4.363288302756209
3.980491129890691,7.412074704656867,5.454570813447813
5.331601202365842,-2.0345584833948944,-1.286493953536641
1.1043058448982392,-2.692304005074585,-5.648367755983876
4.0946800234647975,-7.122981381753982,-3.5988843752054245
-0.9241100545638629,-2.6180413985123496,-8.375989725653962
-1.7597416721107755,5.596301672833099,-7.139077235847192
10.988963444592136,2.0096901498152278,5.532853759631889
5.093191366341049,8.817708803433629,7.2423509844080725
-1.4779213973650653,3.5755709717222897,-8.552464060619732
6.303012489656381,-3.055584142157732,-1.3130812012624857
4.196087932247883,-9.289274320553,-2.5410179340021855
-6.94921092923414,-6.240155389778315,0.13463894600808446
-6.021136998604944,-7.529070768005121,0.1655893025192072
4.9558942717607,6.219801969909097,6.41877286390072
5.749812966233106,2.7111953023511353,1.0513336554600223
-0.2667661544810255,-3.108051490693696,-8.332491904144685
-2.0684265572277427,3.905517917686597,-9.601968975926773
-1.9237382063679656,5.336475292674705,-8.015294576955624
3.931672533609351,-7.625023710511785,-3.7045899336856944
2.926953346719804,1.5343863874783865,7.30684820783841
5.768959505127263,2.925301447742206,-0.365121023798302
2.4684014183544107,6.057260649551042,5.434910790583895
4.191410423551036,6.473746417620096,6.17941782242346
-8.092659958119128,2.4494730064211447,4.283029183288378
-7.2073194291657625,-6.5495717392172645,0.75846881585553
3.3249417147677236,-8.92193700142493,-2.861763263544823
2.8377079176775237,8.498536474633173,6.479567818668791
-5.061954833510936,-8.756735359182674,0.3192345540867076
9.729306219073123,2.1191330441111322,7.510865836310206
6.143192493724689,-1.9933161891546582,-1.587732097082053
1.1785407352617878,-4.423367876636592,-5.328588344508743
-6.609288809427771,-6.21771997317861,0.9442521096760664
9.55666809844717,0.6047276255713783,7.0189188449809565
-0.5666945627109026,4.804119639956422,-8.590018305407115
4.852377793071973,-1.6283212084562244,-2.262486031800546
-4.25179461227585,-9.37513833431979,1.0971541786897687
2.493094856927512,-7.365349233996819,-2.5893724677482877
-8.47064953266426,1.6184822535605516,3.446884222937417
9.68086490887139,1.1945751822852744,7.892550706984465
1.7282924020474981,1.933195477700971,4.519662776789904
3.947506868659726,8.748569079043728,6.691803482662584
-5.578126409160816,-6.61538014653893,2.0126507917743055
2.8579416600742658,0.22336205073701473,7.567751962854899
4.697928547703293,0.26718244757971704,7.655281786541593
2.646552885605569,-4.751573318058903,-5.081916122503514
6.784619374938244,-1.3872074416172353,-2.3582837965118477
-6.942848550267913,0.1665981042308906,2.950871976338653
6.624692321414188,-2.5309969191352217,0.09943872322676639
9.963341151072694,0.3987823824659025,7.435712057000172
1.0890558249260878,-3.6859142182296183,-4.506731022672961
-4.98620445085454,-5.829185217322708,0.49002576157125793
5.546138535363828,6.51655047140747,5.613356888102063
0.22354587322940755,-1.6989626392767339,-8.981019891801008
-6.32421710919525,-5.18946277751023,1.3599386367563118
-1.312283965880113,5.518037297143442,-10.647827981606643
-5.769999741845428,-7.115925097431116,0.6455324396302757
6.104372353146216,-2.0580187694263383,-1.6242038207995664
-6.967299838268967,-7.6458460063651215,-0.3748349650874502
3.549745780157542,-0.5924585205433359,5.2774583829817185
0.4673229270023338,-4.916633981829139,-6.927971644381261
-0.14807113137659078,0.74162022676435,-6.854039838463731
1.6413935078403692,-5.870347214489748,-4.375644567582518
9.31733828032468,0.45347146053209536,6.6188690914806765
4.5874709137942595,2.6397042656900953,0.3162737971577826
4.3484558502924715,-9.258926947846124,-4.183446099276193
-4.3524964813334215,-6.662134385241711,0.47123109559879434
2.855167245658437,1.4982252604093942,6.898366588120797
2.0388078647666505,-4.216042042163458,-7.233234091352207
-8.242538923360284,1.2931747966175768,3.2848014840675037
10.189701409946172,2.060327229028309,7.088601464067832
-8.31267765961185,1.1542557951386838,1.630138117926266
-3.4621926192027583,-7.768375442681371,1.0422157822841136
0.8494770570196413,-2.269866507937898,-8.42338430029911
5.065202871356605,3.3154611401574448,0.07903287648830937
3.540216964760809,-7.482346613473057,-3.6668875039497033
-1.7362226986227374,5.505414557590914,-8.885003234007689
-5.222844868259558,-9.230609974039362,-0.35412854594260557
0.018356619460997425,2.6462306720560855,-2.692086340780195
9.136116531292462,1.1861716483773876,5.7043645358797725
-9.270591991296195,3.310193574253965,1.0740032541679498
1.5096940807155625,-6.0575193818814,-6.30306046634899
-6.4132890985881446,-7.114230389359874,0.650390815289302
-6.706423522249471,-5.902429600854714,1.51236815720264
4.389496302341533,7.229232088342558,4.022038984178465
-9.101688694597293,3.015756242523243,3.5094173875559473
-3.19212068644623,-7.25188359300657,1.0291210225299254
1.9930834185746882,-4.189841721253028,-5.035942148544916
7.571714080424733,-3.7014189756421882,-0.5418655303171104
-9.170537442620917,0.7580632997324313,3.2656439032809303
7.841293701226112,-0.10074148081098366,8.135811624628499
-0.1264282976803104,-0.44848710310844453,-6.891616510435866
2.0929557616559804,1.200442728503776,4.103433146383853
4.128224395675639,7.0976954183592795,5.018876205316374
-0.568793138277632,4.507589994303164,-9.103276014291756
4.3669629248465265,8.811244256753495,6.450394969146213
2.310382180261282,1.423937371931707,5.914751362046665
-10.025931448512921,1.6350644963239855,1.065599524501767
6.026026590094505,-3.5928850581474414,-1.3211413477325051
-4.531657296270049,-9.022756206110586,-1.0139355830882282
0.01513563605503826,-0.3917848693046979,-5.282316052945797
-5.7182305083951395,-5.31493885644653,1.5530345412945934
-5.106250397682394,-8.814452130390457,0.961485047313809
0.10054287218137051,-3.307252649717004,-7.512370294123804
1.5107195953998283,-5.4828685831192505,-3.8589114167369174
2.74319639832732,-1.166308326138329,6.3959483449103605
-4.117349634336708,-10.342563389150495,1.0726364119121972
-8.585526203650648,0.8007058879600213,1.461173734106588
-0.2970321443520171,0.6553497609063249,-3.984115686328216
7.899332449013671,-2.266361248897324,-1.1811071931243036
-5.456419403412102,-7.183158065709808,-0.28855209948162497
6.276587405161383,2.8563239461651557,0.696392587167932
-5.199122573419332,-6.9436469425552305,1.1766666761364575
0.07754154946898606,2.874414846363686,-2.875748427098103
-10.553145476181438,2.794657773830256,1.409935505343752
1.2572793834947724,-8.246859346443571,-3.4079458405179173
2.7505134289223445,-0.3046723791111887,7.293497014606273
-2.316688768431028,3.2753758797205084,-7.63408691564767
-6.449104248063424,-9.480249547488011,-0.7431079255330961
10.54870448226727,2.768763617959828,8.422830218287944
-6.269563991009631,-9.117618668769243,1.6980641478808274
-5.2407323094188865,-5.299169607487691,2.2198046083290945
-1.8471274548560028,3.644160923570716,-8.688638991901742
7.930023973891592,0.8154496305793124,6.381855157422729
4.581073124828283,6.818699555438735,5.774095064778013
1.1207964186450867,-5.152468915285407,-7.078384137786758
4.689495384547488,9.655488941114108,6.558804202273183
3.750659769268346,7.687077815019369,5.454229693515749
4.565377156495756,6.500688143972123,5.37412967005217
0.5573212154004129,-4.8892600462247175,-5.821175978955872
-5.645316539577234,-7.195508754272828,0.22389381045766016
3.0573337855367613,1.4039147474711184,5.148653828644991
3.3031860985998747,-0.14700012041078941,4.634009419081766
10.648457637680439,0.8663091452705997,7.618067265362168
0.44351759056043943,-1.8436281615689556,-7.104815100467469
-1.3516303695796992,6.5732218501247255,-8.164420845912003
8.933387544586408,-0.31986919427587623,5.9064489315963975
-3.977701657036957,-8.994109223491165,1.000792380265899
4.3729429220390355,2.439689350748716,0.5450078843619767
7.599826768425569,-2.0525466332514455,-1.4809421053720495
1.470932915784089,-7.984580107641679,-3.5466908511367787
-0.36885806777328733,-6.242652910287665,-4.227547989545576
3.805074276856185,3.4047709519046467,2.209941047338161
3.469124639377387,0.5271006750342723,7.679444141449136
2.3381882630712485,-3.0208373694065624,-6.21657921826366
4.269737601875895,3.813586520178621,2.528920800252784
3.462747383929228,7.432490699796149,7.451743757548737
5.925664204901878,7.080577354388861,5.642206631345145
6.223362662949585,6.602522674916849,6.980375251474084
7.32207487014305,3.940243650677701,0.4049896664490027
0.6347354064398726,-3.792043854507161,-7.515145865802732
2.7030902468600635,-0.41486569506567017,7.972616916471409
-0.1186838873057405,-0.944227752777689,-6.2398226507047445
5.637173641086789,-2.3427496542929203,-1.1858732835378583
-1.0547839344036494,1.4054220537010673,-3.6217842099448427
-8.016710618044323,1.086471647198209,1.366153449347294
2.367086220102135,-4.248654941133507,-5.301434374217176
-0.29471967803041565,1.6629449984919797,-4.80684147162391
-1.836584789775238,5.941907456295672,-8.279202897632581
0.09365227128035492,-6.7420328986663645,-6.016019773183152
-1.5851473939448786,5.994933288819873,-8.301619143745855
3.295247258526965,4.66586814355364,2.290791242779189
3.3635117185165653,-6.860038582337647,-1.8535739344242883
9.7734539008726,1.3390277460462403,6.66047906029271
-2.1929888940910898,5.607347568130298,-8.293656186410821
-3.1850883350824355,2.683764802120962,-8.508190996710407
-1.0868983921855526,1.025713003748085,-4.970962036736653
10.512040826210704,-0.7420880094581923,7.881292818517788
5.246408183887736,5.14969084274691,0.973944001021869
-3.2945483994998477,4.377067479074117,-7.14957815957602
3.425173913613364,-8.924341993174512,-4.0727296097741865
8.541452220039996,0.537052184873191,7.3406847946724
4.170860775288168,-9.339616629323123,-3.7087232821990965
3.369434360944312,-5.564196079325424,-5.36246312288002
2.016043825335389,-5.665370737418803,-5.831785543332291
-1.7791441161293742,4.069214023208337,-8.142302023932253
4.400451349544074,-9.677598260425055,-4.363667816012135
4.62099728053504,7.750250018413083,5.44928939420885
9.666023797761637,0.18948881008372587,7.55751819249555
4.448926562444104,-7.605052608961699,-3.627856216937171
3.327446199681994,2.1507058640133803,0.16794200054555197
5.2799582045222015,7.03361186799712,6.610496458436699
-2.26177057102101,-1.5226565333386417,-8.796685474427974
-2.12067417783706,4.707278104466982,-8.376356505447113
2.7416834163618247,-2.3479015512988965,-9.18366557875846
-4.945141791757191,-7.661568835075297,0.7669139890185097
-0.3956791281236475,-0.2327621886460014,-8.007280212100948
7.530651997756706,-4.859701740709904,-2.801952715094394
-5.199740911913061,-7.238452197156884,-0.9589595008295393
2.4607478453757157,-7.446202005574287,-3.8146271140434527
-1.3915840548853207,3.093233294958339,-7.899585190921854
-8.275266441160783,1.098246281098858,3.5203431741871
9.073835324217574,1.9758066809853605,7.16586568437519
-7.8498636587511115,2.2012164460589125,1.8109450799336786
-3.119594294443212,4.5587160448852675,-8.049675343413394
-9.068347736366075,1.2849717780114336,3.8773151611709196
10.028018946942986,1.1055442654221594,7.3501807391953085
4.372025824223385,0.2802429744568805,7.328640170582466
0.5204495556809088,-2.683494984935498,-5.268553681442839
9.365848113131925,0.2978469316120007,7.661718767032361
-4.798596139541149,-7.151445169268169,-0.13906166612252446
-2.296964818361344,3.173378334944937,-7.4768628561218495
2.934480042533133,3.968817353163287,0.22084017980441556
-7.105807784367112,-8.56516837751682,1.260132210227551
-8.574544847538546,2.254087431433184,4.1545530112603615
-3.3487777788732336,-8.973714746366838,0.6147108363462331
-5.437594629371677,-7.916721731663913,1.1220972402919014
2.8183817957913275,3.3963034578076163,0.28687029193468533
1.8468843060058842,-5.434984419145034,-6.243418741796359
-6.663794971927124,-7.215130302606758,1.4226897058550059
6.093683562585884,-2.7338303302951728,-3.2021262015402385
11.328943299522804,1.211680807576364,7.3841194431201345
-7.493253268823636,-6.027923634932667,1.735029990412328
6.642013951749698,-0.7306354368048174,-0.5802846722943781
0.14165832859907207,1.7964963328972525,-3.5508198754083975
-3.707610355351351,-7.571610325994138,0.4609320510089818
-8.343417343553128,2.727573367055637,2.2859687510825677
3.6128144252027186,1.0389957910215144,7.510703742718624
10.209263668257334,0.8744741272432032,6.398528466308179
-11.180381461810772,-0.11652010388053435,2.818522582584332
1.8798836202570877,-4.617509785178186,-4.6728347623471915
6.554501979778515,-1.1477488968636556,-0.014857966204982809
8.12862249717533,1.3874464429118336,7.9020577830963425
2.6428730177477826,-0.4572054311536251,-4.26136807374713
3.838411200473228,4.847751609856283,-0.3257403756001622
7.380402518294839,-3.087180338474793,-0.05584567332610568
-9.00547842657194,2.8166735707699084,1.318857354620409
3.4002071913996206,-7.70701977309557,-3.9953263087475888
4.828155983305882,8.217567169805873,6.173588444173772
6.6594907186806624,-2.726215463661058,-0.5635594079355749
-4.323748071911856,-9.817738300107095,1.277404692061862
-3.770792233731694,-6.604272305214092,0.14356112214680838
-1.1752886356349943,-1.0277666365209632,-8.272703795772143
0.5817319264025506,-1.3769108072634217,-7.335084842098098
4.179163819591058,-7.779929464875149,-4.344759732202727
-6.801231122569285,-7.160146992638737,0.1181486648322484
5.074443787985549,3.2280390970789723,1.9218497131197192
-10.056466717897582,1.4010538022621883,4.052885333832039
-0.36596656316646836,0.9881964801256626,-5.070371366510817
-3.6186843566215585,-7.54487121604062,-0.5114595260376974
1.6521899906079254,-3.8809490809789153,-5.547404681048604
1.6500089383564123,-0.39605029033192585,6.56409786190385
-5.511033260320122,-10.267688920409137,-0.02223629769704072
9.33131077512579,-3.6291988474807617,-2.356100397958654
5.044455909664013,1.6270201576818342,-0.13017663045661865
1.1956386221321296,-8.511764800303752,-2.6791611535006257
1.003573106658236,0.44650522903700846,-2.3923575787954947
7.328985594638542,-1.8370151853303875,-1.584833185338893
-5.765837975665826,-6.120512146573852,0.04534891228265525
-0.2916818824922417,1.1675484605367026,-4.35067566828575
3.854593715536466,5.0521076439622625,-0.2913624374697177
7.611808797410026,-4.3748437758346705,-1.5924229048251777
-4.020981857615669,-8.434989566902873,0.6385377149099933
3.6741072005812843,2.9070238135834,0.974520822875417
2.4259651213365343,-4.771468676443323,-6.0330246271655685
-10.525578009359593,3.6725279361732937,2.1186727077903025
-6.335070996268738,-7.876134223378642,0.5674492043053302
-1.6593912463379628,5.2026021304836885,-9.208417432689558
3.6879120549447215,0.44769021174509416,8.003984579769597
8.047163484141343,-3.8705325735944367,-1.8693368574480425
10.137639657275754,1.6865896133690663,6.667357662135069
4.86595857729497,8.86379236056763,3.2452348488667573
-0.05246211807829523,-1.5257843006149363,-7.134014829694043
1.9370197325181575,-4.356385079784912,-6.834216149153475
2.389261677004479,-0.18304087556417659,7.525393481575965
10.213571330335796,-0.25072126609524403,5.348812647093714
2.8852636174879978,0.9631211427211913,6.2951673494316305
4.8269177297959684,3.074702954273024,0.45807937583345937
1.3464165552617895,-5.066576896246227,-6.263367530550884
9.550961120842253,1.0702528443587913,7.012259312387078
-1.1891230607965273,4.94003684442416,-8.164598509278331
3.9869342674014074,3.3760165892305825,1.8051546382154953
10.037483020109178,1.3965427288484296,7.432560975435661
-0.8927050593334118,4.632321062763069,-6.003866383583754
4.015534652797175,-8.486030054787257,-3.433317533043673
4.582773682571055,-8.962023605818183,-1.5460448306922459
-3.4158019635625267,3.882365780574708,-8.583384302707794
3.1398503330197967,-0.47649501737082844,6.207500506389131
6.7462136840672695,-1.6580622552678408,-1.5847658997745608
-8.631327649205588,3.1849067016597927,2.7720970866298926
-0.13871537824076885,4.635364404783414,-8.307411570450897
9.786050273396983,1.1002782337560046,8.1212606696069
2.3823925275871067,1.78626416096381,-5.8153818117561205
-9.730926193910335,2.619313996342797,2.1991337163293005
3.7932453342436063,6.19783632692369,7.531469865158742
2.8372953163943033,0.8629840313907448,5.425232267211651
10.267128027981993,0.6514819152501667,5.18376109380041
-5.633927279929897,-7.160179474881755,-0.23067156229805708
-6.85341203372026,-6.485871154429538,-0.7726107420862169
0.5384428583754797,1.3488467859525723,-4.990342207376612
-1.0370104962133395,-3.8919736491378076,-7.431699037715233
-3.854417637491552,3.548186958435122,-7.555162421862103
4.069599014003871,6.722640336681005,4.080409529254773
2.686021087296207,-4.56244840036628,-5.856495746508929
0.18177401741925034,1.8741648310078607,-3.4019694666081053
7.691181275780344,-1.4443830475583848,-0.6672696731648649
4.322621943932306,-5.316979690206855,-3.6446636462800717
8.879762907667693,-0.2991090029909258,7.407915140664934
-10.04909679085316,1.5798947630072637,3.0243416284159563
6.759733925632573,-4.125744978191907,-0.6361021977295248
1.567108496266028,-4.455215270783267,-3.77087913769372
1.670280557111022,-1.5438250105838247,5.97701165748383
-5.850497768870312,-7.297620005500052,-0.472911764756928
-8.108388054578684,2.46151082473348,4.872888256431904
-8.51092130936843,1.3402577929926276,3.911165593577187
4.714807505823873,3.4041860409601545,0.6849590197092017
-0.26387829335349244,5.4274681198707535,-7.92988524701203
-2.314913531816225,3.724267369616568,-7.898845104050537
2.4423531861956986,5.974277322904951,4.678942230637214
-0.45154559143058115,3.26215303551767,-4.87060037569683
-0.46416456906621306,-4.930318262041733,-6.029763359718948
3.6194873223980726,0.20536058548661126,7.470521424606583
4.092498625259664,7.859096987464648,5.693139290952526
4.818571951819012,2.045220598359187,0.22294416450352766
-4.401072914237701,-8.963442651712537,2.2939093554368237
7.826033764207057,-2.2654856190777735,-1.1467144285702662
6.004073707319126,3.877108655572376,1.9095328688556716
4.119055858908479,7.461987921130988,5.618232238436616
-7.10893065013326,-7.005623960541448,-0.3184960368853912
-1.7382995215922277,5.120244233529221,-7.579428239974574
-9.032304912762195,2.3347688104849054,4.29945811879355
-6.217398988275476,-4.791583231956272,-0.23880782186552063
2.9478844190665145,-9.785779566884843,-4.157727078286026
1.2298056740050571,-0.3573583975508767,7.007264517363072
1.1405005604924516,-5.748123396629434,-6.961333968806849
-2.6059461539274333,3.557027244489862,-6.364900907784227
10.3891266923665,0.6540812085526184,7.426605997700867
-9.757335285649832,2.2826530802870955,3.8233146307731127
-4.051491361087146,-7.202483627616562,0.6427878350019894
-2.062086122188644,2.019634130910137,-5.026258414707029
4.780235751286029,3.922746782790636,-0.07661741765976349
4.252325237008651,-7.6472672103632995,-2.006880879806368
2.6638847472868825,1.2130624228722193,7.149204799382337
-3.300183757095817,-8.43370448296322,-0.49000012009451177
-4.965724386538714,-7.2651957900280015,-0.6687661611601035
0.6526747320133719,-2.240333994118711,7.8847196886836395
1.4195644595227181,1.4201675882222342,-4.654370044028323
-7.1272897305089815,-6.2186586905000905,0.586859199535438
5.278626545763132,-9.617623909869257,-1.794376061538083
3.4728790415696356,-0.6744929579292043,6.740080137217365
4.221551273234559,2.2097251627825405,1.2500941092531486
-1.6948802771976987,-1.554595942465714,-7.572347590442622
-5.435844753856811,-5.93815379393787,-1.2559609603347854
6.4226686284503955,-0.7505748257340132,-2.1486229066566036
3.393075552144181,-9.853446418932391,-4.2209367937450795
-3.757310345265692,-8.677649397237838,0.855986490275815
-2.190591239691968,5.320872568520739,-6.410114713871094
4.9982255349027485,-9.649954407754015,-3.402882187522023
6.2642089952178415,-3.969629205286251,-2.13253259559054
4.016025481905606,4.255548710712096,2.295562447865102
-0.03812214681336262,-1.4725421074657437,-4.76208739077446
3.8429389335192816,2.8137482067850628,-0.6684793433974201
4.047932503898975,2.691151777250301,7.979152123486072
3.4481766911764113,1.973297417680089,5.173124150488391
4.924981776621579,4.421726943036934,0.18102441862451635
1.6429711140019854,-0.3185374706095012,8.065974569589708
2.047983123916417,-8.376413969863208,-3.042936603720707
4.845382910834085,3.7197775195732765,0.4152162420394279
-0.7306350485195907,0.1559163373925112,-4.6013179887679305
-6.352417275667552,-6.596297267670142,-1.228011043473724
4.1952103271621395,-7.075565855355388,-4.095812907180167
4.621652284481681,7.755991240695063,6.09518313103306
-8.013177221163463,-1.0562257191502318,2.339255774439496
8.34232175919884,1.5154822258170624,4.3102132909385045
1.5158915959551942,-3.888683334003934,-5.71257225774264
-4.469061836332472,-8.447120661726942,-0.053294757817716476
9.85269966035734,1.2381555699941813,7.321615002106604
4.789179799159139,4.2035769985927365,0.038092630344475076
7.924157222596698,-3.053078357884687,0.08717005343270912
3.4535260583735528,-8.91000125208522,-4.837096554187546
-4.745216364465825,-8.956312449979997,1.5496771593844627
4.3480699940284815,8.659349645265873,4.825357976421285
0.8003103939490295,-3.8916322490507547,-5.213751350282155
-2.2199248889703838,4.034744710059818,-9.540610649031137
10.436295596209982,0.8821454318334523,7.50152110100783
-3.4713483180509526,-6.8385037191883145,-0.4279446741700431
11.268078399680393,1.8599172675686793,7.641052926507271
2.9498435963214193,-0.8166072529270352,5.416106694610492
2.2240588819736056,-4.5158065173467365,-4.468378708672504
7.3201656440814045,-2.720205039387164,-2.0377793319911546
-0.5627016251406163,2.617849228756114,-7.013931573316487
-3.756501907629005,-5.455078650796516,2.7479911346998582
-5.406490653819289,-7.590235685695983,0.7118225543105678
1.1709883398317882,-5.729992901655916,-7.118147883396968
-4.083371337961521,-6.643341579867969,1.180427599347701
4.4366442034947156,2.8604116677478424,-0.9773281392514661
-4.938740108911226,-7.419236965431099,0.5849962138498815
-2.921335740522534,-1.0582140795394603,-7.898309723851984
2.0200780570591896,-0.08120436659539865,5.724533709212432
3.274592705141689,8.070312192777086,5.739904889906474
1.404179819883732,-4.044539759793361,-4.7293065674387424
10.248808518513915,1.4701975490691206,9.93744973346099
4.82153265315423,7.738237389510878,5.292782764054505
4.552233721655972,2.6694429755783227,1.5527392675694394
-9.005829293367814,1.369225214762184,2.776776653674136
0.7584267458900545,-4.79662766402706,-5.8066617755518
2.33795882798604,1.5936494451548173,7.162740464267713
1.8737823023594968,-8.987893263793078,-2.354416159513886
1.106867449576828,-3.843367945453954,-6.418326624233695
10.851122664511726,1.4477930901417158,6.880186173778234
-5.2735756729275565,-5.5521953224450336,-1.1305541404784165
0.522854504738478,-0.03045355925581439,-8.594797682096216
3.9359778810617723,2.839817590310197,0.9708989701847845
-7.5668475740753305,1.9593974898790796,1.5758980973435013
2.304449907600244,-8.80278185853829,-1.751297584452997
0.35609379070384173,-2.2606718004350617,-6.6593303000534565
4.050995582603995,-8.477070543699872,-4.5771828462905075
0.7010789683279157,2.2255909603259836,-4.255328925919295
-5.352540744283881,-8.400967806324887,0.255577270694285
4.128054423185868,-7.004694683737959,-4.132657289837175
-9.395432021991546,2.0029811024759265,2.585100223145928
6.169401418087042,-3.264953164671392,-2.910237743124015
4.5067373198608855,-9.102471718821906,-5.345533514388595
0.07010177781916704,0.3845220511969477,-2.2887266045506163
-4.684826574990588,-7.071718565107095,1.099810535162576
4.1151808027927625,6.05215225020881,6.765572042194231
1.389844853757812,-5.9651874758488965,-1.0353036100611046
1.2052784567709856,-1.747414088153329,-8.430261954646745
-2.899449083683784,4.267114291942588,-7.3639135811499905
-3.6117939385778013,3.9792107236893397,-7.556779188864414
-10.876624129143305,1.6019800926234578,2.29135379684533
-4.853756867837703,-6.738514900253386,-0.338100750774612
-3.4962084019809114,3.5325164148533754,-6.4235818787791406
8.05236399470519,-3.6540934675501715,-1.3149327818574728
3.085915285415154,9.06180455486297,7.893237582274203
-5.420633594658163,-6.205206051172837,0.4288342973249127
-4.694676117771792,-9.91479754414203,0.17324900673522023
0.2661408294634018,-2.9337621682218336,-8.47111332914039
-5.7204696340800485,-7.133812156520973,1.6627263537925427
4.198614340740889,6.403904337373889,5.084046294844535
3.080648809107053,1.385400617688633,6.501767457490975
-2.603371687204355,3.912316836907575,-5.926285240437405
0.3071103709203443,-1.9128873064819363,-6.448161492202951
4.547990844265298,-9.928368662221823,-4.865872709154019
-1.7097186379839717,0.6110617906904023,-6.025545086909876
9.694984676741953,1.1366324233630551,6.839435656112971
1.9526252800335744,0.03550600426623052,-6.0759452697593375
1.9656077696226388,-3.1027437790629757,-5.24701209757121
-5.591138019906204,-5.739206450695155,-0.07824833615186227
5.75368461222698,9.802208061079885,5.64341035814113
5.036319421591134,7.2832689725179165,5.210005084908544
10.284501898591609,1.8773442638354016,8.001343197962132
5.216947029293729,4.426716797550843,0.7225328687558092
5.306463447966769,2.3745598750467645,0.060009807471405385
4.421548111990017,-7.873586849326675,-3.1955906359758792
-7.042632541615774,-5.6928432240358955,-1.0255298659951986
-7.219609615601543,0.8306167525649812,2.891026564700624
0.9841522624380569,-5.558542531808518,-6.018891728917141
3.6642677318954746,-9.553044638445918,-3.588124203811323
0.7374149328357131,0.49179138938922407,-5.301332678818142
-1.6671273592387796,-2.3305023170094734,-7.157351886979251
5.752186120420714,5.668056382073013,5.186985551238416
4.515465442423549,-8.78890162231413,-4.409865933332786
-3.272509334778376,4.5621551584634545,-8.901576002584413
-4.083707399362154,-10.276801549113944,0.9704844907006164
6.070033521794869,-3.163161838871189,-2.6070824195594327
0.6795660332119614,-5.275605705353029,-4.173646784090143
0.5971183754196554,-2.0011085744511528,-7.404185860731194
4.436609233876862,5.3915089026735465,0.5495073079600267
3.0849584499575107,-3.1781507170751935,-5.341271536355279
5.226978408691801,5.267249353881446,0.5367589205627117
9.567448651668794,0.6489986382026262,8.965357281169577
9.339099025071183,1.7256363641405486,7.072067950686358
-5.4322645790241815,-8.092031144831823,2.423096615526714
-0.3074253568727905,5.445795386654355,-7.588097394823434
-8.427132797573133,3.037545968592214,3.608161749982182
5.596774004602162,-3.285814005330153,-1.0871767861262915
2.6241802815740667,-1.3914599173660276,-8.194850413457585
3.4163476509978223,-9.008833958028275,-5.824636554319433
-0.4269049736715357,0.4316813989530509,-2.655414639533447
7.684379864402178,-2.41956555095158,-1.238998129743508
2.7500937106214858,-7.879500070297463,-3.863240911905713
-0.9239711361276743,-2.8566764330709846,-8.631468148525316
10.702316915113503,1.3532629000184988,6.48245963431869
-4.283256892905958,-6.9179490112278526,0.7884606797796345
7.979069704977791,-2.3712874751418562,0.3924020165676292
3.2936035771945216,2.2754211604509758,-1.4331625946325475
-6.069736875938675,-4.092609301017642,0.30323712129799196
5.411392699156515,-2.0042483407896343,-1.708151860359399
-1.6691894057179821,-0.8550266817267542,-5.5581353325240315