5.166467004937526,-12.125415258876448,3.6775243298047062,-7.939536771353095,6.181678997942462
5.2385967524358374,8.210226188453609,-7.949824076174862,0.975315362161465,-5.505001701996905
5.447770975772965,8.86351514504429,-8.23757463884333,-1.0179281989395412,-5.782653565367232
-2.137522856063735,7.095620400853987,1.8478366174621539,-3.6463730634312532,0.9543485606528873
5.7842489912782895,-8.833516857854496,4.347185691346533,-7.290872579854734,5.0502803847088105
-0.37594228366632443,6.930953496899063,-1.0049962670462116,-3.8208276573041933,-0.5133843573349002
4.251340973647034,-8.690049347539507,1.1614377846794761,-7.024924414038238,5.838056233901936
-2.9207805384667394,7.533986387860985,1.1226822674623802,-3.7924889757790914,2.0660070190136417
5.070627915985633,-10.659188161371205,4.142185754022111,-6.768981817855205,4.48437828958739
4.081324182991245,8.580959674775684,-7.655422965252129,-1.557060947651357,-5.806550933894707
-3.325460532530249,4.614659069721194,0.050842972138919085,-2.84088600856008,1.6393782136203316
4.773466260395202,8.088449894694932,-8.148484907674703,-1.2607605638897454,-6.570909917932835
7.076309430501986,-8.770349158176916,3.688408924550674,-7.52251282358637,6.169729781531492
4.186374836254535,-11.439515845082015,1.8315347263960837,-7.259461153683152,5.230866515403474
-3.8639569666328146,5.421057372509274,-0.7379988997755496,-3.1769316965595613,2.0170279748310938
3.8718297213111748,6.741644548703408,-9.0731199072695,-0.9158563613041347,-5.971663181033105
4.403600199264607,-9.642059797908313,3.1742784451418213,-7.701819544300148,4.854804986970506
-0.6506526310840357,6.948887827377522,-0.715566335524221,-4.689086942859092,2.6043970238837453
2.5980662885598367,9.830357041978726,-8.800091981756744,-0.792330526545622,-7.350995300067793
-2.5384213681541605,5.097202726033132,1.3041937945135393,-5.600024586091415,3.0842325971580036
4.520266172562964,7.762120073170314,-8.57752768633277,0.058681323789936235,-6.965887115151849
4.623163119970647,-9.28681685974886,2.5050281237597933,-6.501222118601073,4.4355344126636105
4.115606383324265,-8.294891850977704,3.376926498233373,-5.713815319014304,2.9007307433179226
-3.463249597255323,6.991649192677177,0.5612387282434387,-3.1206003163859934,1.242722300354989
5.439145133245122,-8.166119681285744,3.523092000975317,-5.658811464366783,6.109271522275952
-1.7175198032323984,7.080193931289592,-0.455617140648942,-2.925211507542001,1.0905472522124289
4.838063939098576,-9.432350318267945,1.2460987918096211,-7.55623448039254,5.183698753814092
4.5970956524294655,-9.755556097937468,2.201079935683352,-5.481476235979773,6.273556108132187
4.434395841562722,7.47577653384729,-8.107662127717061,-0.03529328907378454,-7.391845631066628
-3.1515030504769994,5.0567255109019476,-0.6352606879809328,-4.39245272169148,2.2981493164744267
3.3122955356591945,-9.22270089496995,3.0477809985968056,-6.133244859614919,5.5697154006461815
6.385535364178305,8.918873023530846,-9.992848760625865,0.8749959308601432,-4.889763272557068
4.661478358618256,9.521645925276912,-5.4946016758767025,-1.0272969818624267,-5.415865818337534
7.21568113496676,-8.479591935902347,2.5883426497137583,-7.337617538848474,4.511893862748047
5.401257482814168,-7.347051489968744,2.924000068872788,-6.764917638935104,3.6775913002517475
5.180534168385225,8.644253989946833,-9.334654060491442,-0.8200419305119133,-7.2606537227132
6.850929087469026,-8.052031859373216,2.8199536177111373,-6.717270059646269,4.444934140375816
4.193183833555234,-9.138410037585297,3.3962586756311035,-5.41141036855414,4.251109098160968
-3.355571792399671,6.583635170002866,1.7150815104219481,-2.379379958827294,1.4496689958052111
-2.4196068195530027,6.2039833276175775,-1.2737383259381818,-3.501475431398191,3.908700377629894
-1.6558714381251627,6.058693375606194,0.05909099590410066,-2.751385861647723,1.14554143711073
6.5091583458500475,-7.928145610582077,2.845462604298791,-6.648741297395898,6.976379775878134
4.779219396271281,9.426552164230351,-10.996435982885728,-0.6005586844398856,-6.609515896297651
-2.459729710579337,6.75970395736338,-0.1441749910287845,-2.2469475238443155,3.1865655601859384
-1.883711679546143,7.633291112784162,0.6164798947116735,-5.000204981516606,1.0420187509245749
4.9634435438458775,-8.83534622331485,2.5534559558197136,-5.200327752518415,6.953017101946499
3.497858801242301,10.317203760668912,-9.33648468347759,-0.02630710785403545,-7.852805710021483
4.114064493950068,9.136970559478211,-9.437148928290993,0.31884107859793054,-6.2887481550202935
2.711670872331026,10.508878654018915,-7.37958470436679,-2.143759349042612,-5.299390407509428
5.430167606638063,-9.621344152529684,2.2051215140619607,-5.436378243072591,6.040112372155246
2.670750837955274,7.001226940713776,-8.379204471708054,-0.5818724999385296,-6.316935209126096
-3.5357712540519337,7.395556736072078,-0.28111590736777947,-5.549245325273163,2.0172194887451096
4.461204688111395,6.8910540630318495,-6.8959300691082515,-0.13756624676598134,-7.969820885761349
-3.590660485665524,6.439800166635356,0.8551354946359379,-4.624119952333331,2.2515080012918745
-3.058943043469283,5.5376813132648195,4.088312171512692,-2.8904685854091947,1.9758896369964638
5.572702586072815,-9.404180906680454,1.9593891114048052,-7.840880380642771,4.107254510920268
3.2572208401315383,6.616741727359165,-9.601120236559153,0.18954711784584943,-5.698076365152919
6.185291586763076,-10.128762402454196,4.75578662122062,-6.205340245339424,5.821684937915892
-1.8488903149463378,6.451618105581552,0.018474388852572687,-4.386092677364131,1.976933962006167
-3.214133114045516,5.738353144269887,-0.8291530225876276,-2.7033448076450397,2.0259287176640446
5.899165050077383,-7.331070507446954,0.9734783295892611,-6.124500089268089,3.810889742949051
3.4801535954670753,7.767925820964378,-8.470752996172735,-1.4410344472635435,-4.972960904112217
-1.7258516799659938,6.125061806442391,0.12333267140521131,-4.304651808251566,2.235974067203165
-3.2095638661351416,5.231894043058067,0.30767163605162273,-2.1279609893923546,0.5942140198771273
-2.891375664474954,4.632388131460521,2.5762882400379574,-3.4158327355479594,2.373101313791146
4.741694444573363,10.17133407048905,-10.239848252574664,0.7826837703990361,-5.535567036384757
3.6269759960851937,-9.706318347893902,2.7280572816274407,-7.22528676766653,5.260941608363535
4.730213028070245,8.273649161694296,-11.122768541250554,-0.9234183225111978,-8.559728151300318
5.866651261911036,7.654501754779352,-9.6291691819283,1.7193098946884047,-7.209357929635141
3.277095959665719,8.681695665018204,-10.281375754008373,-0.03555853371442491,-6.410803121633336
4.172528939034607,10.820342197428378,-9.028073436356172,0.28819128458260135,-5.783952429151176
4.170561552183752,9.013523450478262,-9.83447507036548,-0.24556625968586063,-7.4435539054010595
-3.812601175539359,6.882085480535684,0.5658158482973594,-2.1666829661667406,0.989828581789586
5.588114062601932,8.523015723909507,-6.957366937334324,-0.9991857035994105,-4.778910640011269
5.435803405737331,-8.805674162555476,2.0538073368629415,-7.581988521657138,6.125638311042887
-2.164577620173867,6.867211429308781,-1.4458438961093274,-2.246269523075517,-0.8420745700687471
4.9741722098401775,-8.697221964159922,1.6061256917106888,-3.7551792868118636,7.241546726280702
6.125335574831719,-9.34191972689502,1.1481978499593404,-6.2338276974512565,6.042113546616504
5.5350132912178545,-9.445710206498253,1.424472020151755,-6.202835674264488,5.3759466979727835
4.544740111168937,9.10993487879112,-8.37407935762162,0.8688692477953159,-8.01800026154637
4.477723257522272,-9.22359900827704,4.2311860548592275,-7.6811937851643535,4.584165016481839
2.7175450115838506,8.663619702391305,-9.797401803161057,-0.1854981193026793,-4.876129705793537
-3.670223554948906,6.9853616718525116,3.791472389036133,-4.456900492399624,2.8539201589886227
-2.989563174692966,6.0444135051339485,1.4114595359140183,-2.73913003083604,2.9879781285345683
5.178982319959862,-10.035719290842197,3.8176138184544595,-3.581804512746081,5.0214072376750405
-3.871017928013409,6.086536245857326,1.1292857962577658,-3.6789231588818394,-0.1342109431334204
2.825343787369811,8.606204246603351,-8.58178738496457,-0.6234228405880868,-5.250873796996277
5.88047215669458,-7.708758683520187,3.04748459791924,-7.925991664629722,4.744961091122162
-3.6001572702686824,5.905854838776361,-0.3628633567591746,-3.494136193358571,2.4350032499959893
-2.930092066153981,6.24639765123046,2.197086947766201,-3.8455391173524145,2.3595998910657916
5.38290284153416,8.560380292838705,-8.225701253743203,-1.2360012986591125,-4.350318819890589
-2.569692898299528,5.019949171923244,-0.11588788718425835,-4.2110888958109145,-0.31173653908254995
-3.584814324142317,6.182743134032654,1.1573365394513508,-5.988955800829759,4.240884645982284
4.679563737645605,-10.750640885749227,3.0125763876108977,-5.716318212793283,7.5343764021927155
5.918475983919554,-9.377825260973964,2.0771351300676404,-5.072500684110294,3.9951560299355235
5.890359433572476,10.138394692841377,-11.598243687060176,-1.8185634557840322,-6.407398948224411
5.3360891133677315,-9.542715541306368,2.708865293414728,-6.513203094696244,5.752112596049461
-3.1471747078170687,5.440486168708664,1.3626364715603878,-4.506370288026203,4.233176344852484
4.092068729122924,9.15709507547365,-6.7066358408760305,-0.6503552093064303,-6.643533651578272
5.273052365913301,7.614993948365227,-9.011135646386297,-0.44155223914209407,-6.341635893726768